# testing
# to
# see
# if
# comments
# work
174|999999|-1
174|41936|-1
174|42135|-1
174|42622|-1
174|43532|-1
174|44181|-1
174|44813|-1
174|44939|-1
174|44993|-1
174|46200|-1
174|46363|-1
174|46436|-1
174|46751|-1
174|46948|-1
174|47449|-1
174|47892|-1
174|47906|-1
174|48177|-1
174|48744|-1
174|48972|-1
174|49006|-1
174|51212|-1
174|53293|-1
174|5718|-1
174|6971|-1
174|7767|-1
174|8318|-1
174|98|-1
174|11240|-1
174|10274|-1
174|10980|-1
174|12508|-1
174|12860|-1
174|13582|-1
174|13621|-1
174|196708|-1
174|197026|-1
174|197100|-1
174|20216|-1
174|20994|-1
174|21235|-1
174|22195|-1
174|22349|-1
174|22423|-1
174|25170|-1
174|29354|-1
174|29358|-1
174|29916|-1
174|31651|-1
174|32715|-1
174|33779|-1
174|34310|-1
174|34809|-1
174|35330|-1
174|35419|-1
174|35593|-1
174|35791|-1
174|36383|-1
174|38187|-1
174|39140|-1
174|39271|-1
174|39447|-1
174|40099|-1
174|40156|-1
174|41524|-1
174|41894|-1
174|42237|-1
174|42845|-1
174|42880|-1
174|43783|-1
174|43829|-1
174|44497|-1
174|44898|-1
174|46461|-1
174|47099|-1
174|47820|-1
174|48341|-1
174|48445|-1
174|48697|-1
174|48809|-1
174|50202|-1
174|50404|-1
174|50541|-1
174|50613|-1
174|50974|-1
174|51047|-1
174|8999|-1
174|10265|-1
174|10400|-1
174|11160|-1
174|11318|-1
174|11430|-1
174|11605|-1
174|11703|-1
174|12093|-1
174|12208|-1
174|12409|-1
174|12553|-1
174|12961|-1
174|131278|-1
174|13660|-1
174|13763|-1
174|14148|-1
174|14464|-1
174|14500|-1
174|14619|-1
174|14865|-1
174|14941|-1
174|15597|-1
174|15654|-1
174|15838|-1
174|16174|-1
174|16217|-1
174|16475|-1
174|16698|-1
174|16710|-1
174|17169|-1
174|17321|-1
174|17369|-1
174|18621|-1
174|18951|-1
174|18954|-1
174|19051|-1
174|19570|-1
174|196727|-1
174|197017|-1
174|197056|-1
174|197149|-1
174|197230|-1
174|19764|-1
174|19942|-1
174|19993|-1
174|20078|-1
174|20159|-1
174|20223|-1
174|20617|-1
174|20926|-1
174|21624|-1
174|21661|-1
174|21797|-1
174|22027|-1
174|22268|-1
174|22620|-1
174|23226|-1
174|25022|-1
174|25778|-1
174|26996|-1
174|2730|-1
174|27634|-1
174|28837|-1
174|29231|-1
174|29711|-1
174|30000|-1
174|30105|-1
174|30115|-1
174|30149|-1
174|30304|-1
174|30802|-1
174|31156|-1
174|31591|-1
174|31698|-1
174|31762|-1
174|31782|-1
174|31980|-1
174|32250|-1
174|32347|-1
174|32529|-1
174|32540|-1
174|32817|-1
174|32863|-1
174|32938|-1
174|33210|-1
174|33320|-1
174|33326|-1
174|33389|-1
174|33418|-1
174|33487|-1
174|34756|-1
174|34980|-1
174|35027|-1
174|36054|-1
174|36362|-1
174|36669|-1
174|38966|-1
174|38989|-1
174|39241|-1
174|39340|-1
174|39633|-1
174|39886|-1
174|3999|-1
174|40092|-1
174|40217|-1
174|40224|-1
174|40293|-1
174|40442|-1
174|40563|-1
174|40586|-1
174|40589|-1
174|40594|-1
174|40942|-1
174|41623|-1
174|4166|-1
174|42025|-1
174|42076|-1
174|42370|-1
174|44086|-1
174|44253|-1
174|44384|-1
174|44494|-1
174|44557|-1
174|44726|-1
174|44752|-1
174|46332|-1
174|46399|-1
174|46442|-1
174|46447|-1
174|46472|-1
174|46752|-1
174|46933|-1
174|46952|-1
174|46997|-1
174|47100|-1
174|47813|-1
174|47833|-1
174|48077|-1
174|48750|-1
174|4883|-1
174|48971|-1
174|4903|-1
174|49054|-1
174|49068|-1
174|49285|-1
174|49621|-1
174|49862|-1
174|50059|-1
174|50135|-1
174|50535|-1
174|50834|-1
174|50894|-1
174|51089|-1
174|51159|-1
174|51340|-1
174|51395|-1
174|51551|-1
174|51722|-1
174|51754|-1
174|53277|-1
174|53445|-1
174|53509|-1
174|53569|-1
174|53570|-1
174|53654|-1
174|6936|-1
174|7868|-1
174|8029|-1
174|8558|-1
174|11982|-1
174|14627|-1
174|15282|-1
174|20130|-1
174|20404|-1
174|21552|-1
174|23515|-1
174|24639|-1
174|36218|-1
174|3807|-1
174|43717|-1
174|33535|-1
174|36535|-1
174|11866|-1
174|12870|-1
174|13001|-1
174|13104|-1
174|13734|-1
174|16766|-1
174|17395|-1
174|18470|-1
174|18996|-1
174|19523|-1
174|22450|-1
174|22681|-1
174|22801|-1
174|22973|-1
174|23089|-1
174|25412|-1
174|26113|-1
174|26647|-1
174|26688|-1
174|27172|-1
174|29868|-1
174|30278|-1
174|31276|-1
174|31842|-1
174|32920|-1
174|35962|-1
174|36182|-1
174|36671|-1
174|39638|-1
174|39955|-1
174|40192|-1
174|40890|-1
174|41186|-1
174|42663|-1
174|44521|-1
174|44976|-1
174|4579|-1
174|46234|-1
174|46770|-1
174|49573|-1
174|49647|-1
174|50246|-1
174|5067|-1
174|53379|-1
174|31668|-1
174|31753|-1
174|1613|-1
174|28971|-1
174|29322|-1
174|30218|-1
174|34685|-1
174|8010|-1
174|22116|-1
3356|10259|-1
3356|10616|-1
3356|10659|-1
3356|10763|-1
3356|10890|-1
3356|10891|-1
3356|11002|-1
3356|11023|-1
3356|11183|-1
3356|11186|-1
3356|11241|-1
3356|11306|-1
3356|11355|-1
3356|11407|-1
3356|11441|-1
3356|11479|-1
3356|11546|-1
3356|11579|-1
3356|11613|-1
3356|11656|-1
3356|11669|-1
3356|11701|-1
3356|11722|-1
3356|11732|-1
3356|11769|-1
3356|11779|-1
3356|11818|-1
3356|11899|-1
3356|12035|-1
3356|12055|-1
3356|12079|-1
3356|12089|-1
3356|12119|-1
3356|1215|-1
3356|122|-1
3356|12870|-1
3356|13376|-1
3356|13414|-1
3356|13491|-1
3356|13547|-1
3356|13550|-1
3356|13618|-1
3356|13620|-1
3356|13639|-1
3356|13647|-1
3356|13652|-1
3356|13658|-1
3356|13723|-1
3356|13724|-1
3356|13731|-1
3356|13891|-1
3356|13897|-1
3356|13945|-1
3356|13998|-1
3356|140|-1
3356|14000|-1
3356|14003|-1
3356|14015|-1
3356|14022|-1
3356|14064|-1
3356|14068|-1
3356|1409|-1
3356|14091|-1
3356|14092|-1
3356|14127|-1
3356|14195|-1
3356|14254|-1
3356|14287|-1
3356|14294|-1
3356|14384|-1
3356|14396|-1
3356|1442|-1
3356|14424|-1
3356|14438|-1
3356|14473|-1
3356|14481|-1
3356|14494|-1
3356|14543|-1
3356|14550|-1
3356|14590|-1
3356|14625|-1
3356|14627|-1
3356|14635|-1
3356|14654|-1
3356|14721|-1
3356|14799|-1
3356|14822|-1
3356|14892|-1
3356|14909|-1
3356|14912|-1
3356|14928|-1
3356|15067|-1
3356|15092|-1
3356|15139|-1
3356|15153|-1
3356|15162|-1
3356|15209|-1
3356|15228|-1
3356|15250|-1
3356|15325|-1
3356|15347|-1
3356|15352|-1
3356|15568|-1
3356|15667|-1
3356|161|-1
3356|16141|-1
3356|16492|-1
3356|16535|-1
3356|16655|-1
3356|16676|-1
3356|16766|-1
3356|16803|-1
3356|16848|-1
3356|16889|-1
3356|16895|-1
3356|16985|-1
3356|17021|-1
3356|17082|-1
3356|17112|-1
3356|17140|-1
3356|17173|-1
3356|17307|-1
3356|17359|-1
3356|1812|-1
3356|18470|-1
3356|18502|-1
3356|18570|-1
3356|18697|-1
3356|18773|-1
3356|18790|-1
3356|18819|-1
3356|18852|-1
3356|18887|-1
3356|19104|-1
3356|19178|-1
3356|19235|-1
3356|19241|-1
3356|19253|-1
3356|19288|-1
3356|19545|-1
3356|19580|-1
3356|19589|-1
3356|19613|-1
3356|19664|-1
3356|19674|-1
3356|197017|-1
3356|19717|-1
3356|19742|-1
3356|19749|-1
3356|19805|-1
3356|19808|-1
3356|19816|-1
3356|19830|-1
3356|19852|-1
3356|19885|-1
3356|19897|-1
3356|19923|-1
3356|19937|-1
3356|19951|-1
3356|19964|-1
3356|19997|-1
3356|20019|-1
3356|20037|-1
3356|20053|-1
3356|20098|-1
3356|20122|-1