13036
51431
51430
63005
51426
201776
51440
25700
262832
25694
327693
51408
51407
51406
51405
393521
51399
51461
51395
51468
25668
51380
26
25660
51375
51484
51373
25653
25651
25649
25648
51363
51497
25637
25636
51346
51343
25615
101
51528
25607
51483
60039
51543
51310
25592
25584
25582
25577
51290
51288
156
25557
51273
25549
25543
25542
25540
25534
25531
25529
25528
25525
25521
25520
25515
51230
25512
25511
25509
25505
25504
25500
25498
25496
25490
25486
263631
25482
25478
51190
25472
51186
25468
51184
25466
51178
25460
25459
51172
25454
51167
25447
25446
270
25441
276
51155
51154
51705
25424
302
25409
25408
51744
25394
51110
51754
25386
25384
51762
25376
25372
51088
25369
26068
25358
51074
51069
263665
25347
51060
51054
51048
51813
51815
195
25320
51034
51032
51827
51028
25308
25299
25293
25291
51007
51005
51003
25282
50993
25273
50989
51884
25255
50968
25249
25248
13092
51665
50952
25234
25233
50949
25229
25227
25220
50928
50923
50920
513
51942
51944
51945
51947
25192
25189
51691
26244
8749
25180
50891
50882
25163
25160
25159
25150
25148
50864
25146
25145
25144
25143
50857
50856
25133
25122
50837
600
25106
50821
26328
25098
50810
25091
25086
25084
25082
25081
60212
25074
25071
25070
25061
50771
50767
50765
50763
52099
25035
25019
26422
25003
25002
714
24997
24995
50710
24989
52153
24971
50683
24962
24961
50677
24958
50673
24955
50670
51810
24945
24940
50655
24936
52213
50643
24923
24916
6629
50629
50628
50625
24904
50620
50618
50613
24893
50607
50606
24881
50597
52263
24875
50591
24872
24867
50581
24863
855
52286
50569
24848
24846
50562
50561
50554
24835
24832
24829
24811
24810
52332
50507
50503
24785
24783
24778
24776
52374
52376
50481
24762
50477
50473
50472
24753
50468
24750
50466
24748
50463
50459
24739
50448
24730
50446
60330
24724
24722
24720
50434
24709
24703
24699
24691
24682
50398
24680
24679
50392
24672
52470
50387
50384
51957
24651
50362
50360
24641
24638
24637
24634
24631
24626
50337
50331
24611
24607
52536
24602
26827
50316
50315
52547
24593
24592
52550
24590
24589
24588
50304
24586
50300
24582
567
24579
24576
50292
24572
52579
24560
52590
24550
50266
50265
24547
52596
50261
50258
24538
24536
24535
24534
24532
50245
50244
50241
24523
24522
24521
24516
24514
52640
50211
24492
24490
24489
52041
24482
24479
52668
50188
50187
1248
24466
52678
50173
50171
52689
50168
24445
50158
50156
1277
24437
50153
24435
50146
50139
24421
52721
50130
50128
50118
24400
24399
50115
50113
52747
24390
52758
52762
50091
52768
50088
52771
50084
52777
52783
24348
24342
50056
50045
24324
24323
24319
50035
24315
50027
24309
50023
52836
50020
24298
24295
50010
50009
52850
27138
27139
52871
52872
52873
49981
52880
49964
49963
49962
49957
24238
52904
24236
24229
24228
24220
24218
49934
52925
49931
24213
24212
24210
49925
52935
52937
24203
24201
24198
24195
49909
52950
24187
24186
49902
24183
52960
49897
49895
49893
52967
24173
49889
52973
24167
1555
58247
779
24155
24151
49866
52993
1569
24138
24133
24130
24129
24122
24121
49835
53025
52228
27323
49821
24095
53047
49810
49808
24088
53055
24085
49800
53059
53062
24077
819
53066
49788
53071
49785
53075
53076
53080
49774
53087
24047
24043
49749
53110
53112
24028
49743
852
27425
53145
53149
23991
53152
23988
53162
53163
53167
49689
49687
49685
23966
23962
53180
49677
23956
23953
23951
53191
23948
23947
53195
23944
23936
23935
23934
23930
1789
1790
49641
23923
53224
23913
53230
23910
53237
49620
23895
23893
49609
49608
23889
49605
23884
53258
49598
1835
23879
49594
49588
49583
23862
49572
49558
23838
1880
49550
23829
49544
23816
23815
49528
53332
1913
53340
49508
49507
49505
49502
23779
23774
49488
23756
23752
23750
23745
49461
49458
49457
23724
27715
23709
23708
23700
23699
49414
49413
23688
49403
23679
23678
23674
23673
23671
53471
23666
23661
49375
23657
49373
23655
49371
49367
23649
49360
23642
23641
23637
49352
49350
49349
49342
49320
49309
49301
23576
23575
49282
23563
53581
2162
23550
23541
53610
49242
23523
23520
49231
1101
49223
23498
49204
23486
23473
49185
49183
23465
52554
52559
49151
49140
23422
49131
49125
23404
49120
52201
49109
23391
49103
49102
49101
23383
23374
23372
23367
49079
49074
49070
23352
49064
49063
23342
49058
23338
2386
23314
49029
49025
49023
23304
23265
48971
23248
48964
48961
23243
28187
48957
53904
48951
48950
48948
48943
48940
28207
2495
53927
23205
48919
48918
48910
2527
23184
48897
2538
48889
48885
48882
48880
2554
23148
48858
23138
48854
23131
52720
2586
28300
23127
23126
48842
54020
48832
23114
54034
48823
48822
131178
28328
48815
54048
23089
48803
23081
23076
23072
2647
48781
2671
48757
23033
2683
52770
48738
48728
23005
23002
48716
2721
2722
48708
48695
22969
48683
22958
48674
2764
54198
48658
48654
22936
48648
22927
48642
48641
48635
22911
22909
22898
48614
48612
22894
2828
22884
22873
54276
48575
48573
48570
48569
48559
48555
54308
48539
48538
48533
54328
2907
48519
22799
22792
52892
48500
22781
27181
22773
22772
48487
48485
48484
48483
48479
22759
48467
48464
22742
48453
48452
22730
22724
52924
48438
52928
48427
48424
22702
48417
48408
52940
22689
3043
22667
22663
22661
3058
48371
48370
22652
22646
48362
48361
22640
48354
48347
22625
48339
54523
48327
48326
52981
48323
48315
52988
48309
3132
22581
48296
48294
48293
22573
48289
48288
48287
22568
48284
22566
131717
22562
48278
48275
48268
22548
3169
54600
48252
22534
48249
48243
48239
48237
48230
48229
48223
28926
53037
48212
3221
48209
22489
48204
53043
48200
53048
58668
3245
54676
53053
3255
48176
48173
48172
3261
48166
3269
48161
48159
22438
48148
53070
54720
3300
48129
22411
22408
48124
22402
48115
48112
48108
48106
3329
3330
22384
3333
22381
48096
48092
48089
3344
22364
3352
22361
48076
22356
22355
22351
48067
22346
22343
48057
48056
1689
48052
48044
48043
48039
22302
54841
22299
53138
48004
58715
22284
48000
47995
47989
132022
3462
47961
22243
22241
3477
132045
47951
47949
3491
54929
47927
53181
22205
53185
22197
22186
47902
202203
47895
22177
47887
54972
47883
47881
47872
3561
47869
22150
53211
22147
47862
55002
22132
47843
22119
3597
3602
22110
47814
53238
47809
132197
47796
47794
22070
47777
47773
47764
55095
1836
202056
47748
47742
22011
47724
22006
47720
22002
55140
47713
21992
47702
47698
47696
47694
21976
47692
21973
47684
201985
47680
3754
201977
21949
21947
132335
47656
132347
47645
201942
21922
47637
47635
3801
55229
47623
201924
47608
47605
47602
47601
3833
47598
21879
47594
47586
263058
21864
21859
47570
47569
201865
47562
201861
21840
1294
47544
47541
47537
47535
21817
47531
21808
201826
47522
21804
21803
55350
55351
47506
55355
47502
21782
55361
1970
21769
21766
47480
47478
47474
21755
55391
47463
29685
47456
21737
47451
55410
47447
21724
47440
47439
47438
21719
21709
132581
21688
21686
47395
47394
55465
47381
47377
47370
47358
55508
2042
21628
21627
47335
47329
53480
55536
47321
21599
2065
55561
47293
21574
21571
21570
21565
55577
21559
47273
47271
21548
47264
47253
47249
21531
47245
21527
47242
47241
21523
201540
47236
47232
21513
21508
47223
55636
21502
47218
21500
47215
21497
21495
47211
21491
47207
47205
21483
21480
47196
47193
55666
21473
21472
55670
47184
21462
21461
47176
21453
47169
47165
21446
47159
21438
21437
47151
47148
47147
47143
47141
21414
21413
21412
21409
47123
47118
47117
47116
21396
47111
21392
47105
47104
21385
47096
47095
21367
21365
21362
21353
201371
21351
21341
21333
21332
21321
55824
21312
21310
21309
21305
47020
21299
52901
21294
55850
21287
21286
21284
21282
4434
21280
21277
21274
46989
4445
21266
21263
21261
4459
21250
4466
21246
21243
46957
21236
21233
21232
21230
21229
21226
21219
21215
21214
21213
46929
21211
55945
21195
21191
21189
21183
21175
21174
46887
21156
21155
21151
21150
46860
21142
10098
46849
21131
21127
46841
21123
46832
21107
21105
21104
21103
21101
21100
56042
52974
4645
46786
46785
46781
56079
21057
21056
21050
46764
4670
21040
4680
46749
46746
46742
21021
21017
21013
21011
46725
21007
46719
46717
20985
46699
46691
46687
20969
20965
20960
20959
20952
20950
46664
20946
20942
20940
56203
4779
20932
20931
20928
4795
46636
20917
20916
46632
20912
20911
46627
20904
30526
20900
20895
56247
46609
56252
46601
56260
46595
56264
20875
20873
46588
20870
20866
20861
20860
20853
20852
20850
20849
20847
46562
20842
20836
20825
20815
20811
20810
20804
20799
46515
4922
46508
46502
20783
133498
56360
46491
20773
20771
20766
20764
20755
20751
20746
20738
46454
46449
20731
20730
46446
20722
46435
20714
20712
56430
20704
20694
46404
30742
56462
20676
46392
5050
262182
20661
262186
46375
20657
20655
5061
20653
20647
262199
262202
20640
262206
56503
46354
46353
20634
20632
20631
46347
20629
56514
20621
20618
20616
262237
56538
20598
20597
30833
46309
20590
20581
262273
20570
20569
54002
20562
46276
20552
46261
20539
2588
20533
20530
262318
20521
20519
20516
20515
46231
20504
20500
20497
2609
20495
262352
262353
46208
262355
20485
20483
46198
46195
46193
20473
56672
262378
20460
20459
20454
56689
20448
262401
262403
56702
56707
262417
20413
262434
20406
20401
20388
46093
262476
262482
20357
20355
20354
46064
46062
5377
46053
20324
5400
46031
20312
31126
20299
46015
56844
262549
5430
5431
20283
5435
262566
45991
262587
20257
262589
20255
5462
262599
262600
45960
45953
5486
20225
262624
31208
45932
262633
20208
31221
262643
45916
20193
45903
31244
45899
45898
45896
31252
31257
200187
56975
262681
20163
20161
262686
262687
262688
31272
262695
262699
20141
5577
45854
200155
262711
57011
45846
45845
262720
31305
262725
57023
31313
262733
31319
262737
262740
45820
262743
45816
5617
262748
262750
57049
20091
20090
200107
262761
20081
45796
20077
200094
262773
45786
31364
200081
262785
20057
57085
57087
45769
262798
45763
45762
262801
263423
45758
57102
262808
20029
31400
262820
200041
20021
45735
20015
20013
45729
45725
57136
20002
200020
19988
45699
200000
262865
199995
19969
57174
45680
199976
199974
45671
45669
45668
262903
5778
31494
45650
57217
57218
31507
19918
57227
45629
1936
19902
19893
45599
19881
45595
19875
262972
45588
45587
19863
262989
45572
19853
262996
262997
262999
19844
31585
19842
45558
45552
45543
45538
263030
19812
45528
19809
19806
19803
19800
45514
45513
45510
19782
263064
45495
263080
45474
19754
45470
19752
57394
45458
19740
45455
45451
57420
45437
45430
19711
199728
45425
199720
45414
45413
45411
19693
19685
45400
263164
15879
57474
6059
19653
57501
45352
45349
45348
45346
57516
199631
45328
10607
199624
57543
45312
45309
45305
6128
19586
45302
45300
31846
45298
199599
45296
19578
45294
6140
45289
45287
199585
45280
45274
19554
199569
19541
45253
45250
199551
19531
19528
199545
263327
19515
57627
45230
45224
199518
19497
19496
199508
45204
45194
199484
45179
45177
45170
45166
45158
45157
45147
19429
28858
45142
19422
57723
45132
54578
263432
57731
263436
19406
199422
263443
199420
45117
19397
57753
19384
19383
19381
199393
19373
57771
19366
199381
54607
199364
199361
57800
19338
19332
19331
59455
6391
45037
45035
19316
263531
45029
199330
6405
263536
45019
199320
199319
45015
45014
45013
45010
6428
54646
57866
19271
263579
44980
57879
19261
19257
44972
263594
44964
44963
19237
44953
54668
19233
19229
44943
44942
44941
263626
19214
6505
44924
44919
44914
263649
263655
44902
19181
19180
44896
44895
44894
19174
44890
44889
327775
19170
19169
57973
44882
19159
19158
19152
19151
263698
58002
19133
58010
327733
44843
44838
19117
19114
199129
44826
199127
19104
44814
19092
19089
3313
199105
199103
19082
59516
3320
44787
3324
199081
44775
19052
19050
44764
19036
19024
44739
19021
19019
44735
44733
19009
19008
3356
199020
44715
6718
6723
18990
58152
6731
44700
6734
18978
44691
44686
58173
44684
44682
44677
6762
44668
16243
18943
198961
6774
44654
58206
18934
58209
44647
198935
198934
6807
18895
44611
44605
44604
18886
18885
44600
18881
44587
18865
44581
18863
44579
44575
44574
18851
58291
18840
18839
58303
58307
198851
58310
58314
198840
44530
18812
6905
198826
44522
44514
44512
44507
18786
18779
44494
198785
198781
58381
18757
58389
44468
18747
18745
18739
18734
18730
53175
44444
44436
18712
18710
18705
58439
198720
44412
58452
58453
18687
18683
44395
58464
18676
44391
18671
44387
58474
44383
44381
58482
44375
18647
44356
18638
18632
58514
18624
18618
18616
44327
18592
198610
198605
44302
198602
198596
44285
18566
18565
44281
62387
58587
44267
44265
58599
44257
18531
18530
198545
198541
44237
58629
18508
44217
198517
18494
18490
18489
18488
18487
18485
198499
44196
32952
18474
32955
58672
44185
198477
58688
18451
18450
44160
58699
44158
58704
44143
44141
198435
198432
44124
18404
18403
18400
18399
33031
198415
18391
18390
44096
53264
18371
198385
18364
58779
44078
198378
18351
59701
44056
44053
198354
7381
44050
44033
44030
44027
44022
44020
18302
44009
18283
18282
43998
198297
43994
198295
198288
18268
198279
43975
43973
43967
43966
7468
43962
43957
43950
43948
18229
58913
33203
43940
43939
198229
18209
43925
198225
198224
7511
18201
18200
198218
58943
58945
43911
393220
18187
18185
18183
43892
16629
2514
43882
198171
18149
198157
43852
18127
43843
18119
18118
18117
43833
43832
43831
7604
43826
18108
18106
7610
18103
18101
43814
18092
43802
18070
18068
43782
198081
198080
18059
7664
43764
18046
43762
18042
43754
43751
18033
52965
198048
198040
198036
43733
18015
43727
18004
43720
18001
18000
43714
43712
43711
43700
197999
17975
17971
43687
7753
17961
17958
43670
43668
43666
17948
43658
17939
33491
7784
43647
43646
17927
197945
17924
17922
17917
17916
17915
43623
43620
393508
17897
7819
43612
3912
17888
17887
17885
17884
17882
43586
43583
7850
17864
43578
43576
17857
43561
43559
17841
43557
43555
43550
43545
17826
43542
43541
43539
43538
43537
59322
17816
43531
17813
17812
17809
197826
17806
59337
17787
197804
43496
197790
17766
17762
17754
7963
17747
197765
197764
197750
17727
43443
197744
197742
17721
43435
17714
8002
197731
17709
197726
17705
43418
59441
59442
59444
17696
8025
43405
43404
17686
17685
59460
17676
17675
43391
17670
17668
197686
17666
17660
43376
17658
43366
17645
43356
17638
43350
33796
43343
17625
17623
17622
43338
17619
197637
43334
43333
53050
17604
43320
197617
43314
43310
59554
197602
17579
43293
43289
197588
43284
197580
59581
197578
59583
17557
17554
33875
43268
43267
43266
43265
17547
59595
43260
8175
197556
17536
17534
43244
197541
33907
197535
59627
197530
43226
17506
197524
197520
17498
43213
17494
17492
43205
197506
43203
197501
43197
17477
197495
43192
17469
17465
43179
17459
43172
43171
59689
17451
17447
17444
17443
59699
43157
17439
43152
197453
43150
197451
43148
43146
17426
17425
43139
43130
17408
197426
17403
17402
17400
59742
43112
43110
43109
43106
43103
43097
17379
17378
8339
197394
17373
8343
59772
17368
43082
62784
17361
17359
197377
43073
43070
59790
43067
43061
8375
17338
43046
43045
197343
8393
43031
8403
17310
34119
43024
17306
43022
17293
59856
197300
197298
17266
197284
42981
42979
8455
34169
42973
55658
17253
42965
197264
8473
59900
42957
197253
17233
17232
17231
42947
197248
17228
17227
17226
17225
17224
17223
17222
42927
42926
8508
42918
8515
197216
42912
42910
4262
197207
197204
17184
34245
8534
42896
42892
8546
42883
197184
42880
8553
42877
59984
55707
8560
8562
17151
197169
17149
8571
42861
17143
197158
197155
42852
42845
197145
34303
42841
42832
42831
17113
8608
42819
197118
197116
55740
4314
42800
197099
4319
8641
197091
42787
42786
42781
197078
17057
42773
17054
197071
42766
42765
197064
8674
42755
42754
42753
8680
197046
42742
197043
60118
42739
17018
197035
17015
17014
17012
42728
42723
60137
17001
197017
42708
197002
42699
42695
60168
60169
16971
60171
16967
16966
196983
16960
42675
42673
60187
42667
16949
16948
16943
16942
42655
42652
8784
196948
16921
42637
196938
196936
16916
42632
8808
196925
16905
16904
55836
42613
196914
42610
60252
16887
16880
42596
16876
42590
196890
42583
8851
16863
196881
60280
196878
42575
42574
42571
16852
42568
42564
196865
196864
42560
16842
42555
16837
16835
42549
42548
42546
196844
34610
42532
16814
196832
16811
42526
42525
42518
42516
16798
42514
16795
42510
196807
42504
196797
42490
8943
42484
42480
42478
42477
60384
42473
60388
42466
196763
42459
42456
16735
196753
16724
196742
8997
42432
42430
42429
42425
16700
16696
196714
63008
196709
196705
16685
9031
42396
42395
196695
196691
16668
9051
196678
16657
196675
34781
60496
60497
60501
16637
42353
42352
42346
16626
42339
42337
196638
42335
42334
9103
16610
16609
16604
42318
42313
42310
42306
9127
42303
16582
42298
42291
9146
16567
34867
42277
16559
16557
60587
16540
16532
16531
42245
20207
16524
16523
42235
42232
4600
42227
16509
16503
16496
4610
42210
16473
16471
42187
42186
42184
60685
9260
16450
42163
16445
42160
54519
60703
42148
30359
16422
16417
42132
9303
16410
9308
9315
16399
16397
16395
42109
16391
42104
60764
42090
16371
42084
60775
42081
56106
16353
16347
9370
16344
9374
60801
16338
16333
42049
9387
42044
42040
16322
42038
9398
16316
42031
17561
42020
16302
16300
42014
16296
42010
42005
16285
16284
42000
41998
41997
16276
16265
16262
41976
16256
16253
60890
41967
41966
41965
16246
16245
41960
41958
35191
9482
16229
41943
35206
41938
41937
41931
41929
16210
9506
41925
16206
16205
41920
16202
35228
41913
16190
41904
16186
41900
41898
41897
16179
16178
16176
16175
16171
41887
41883
17633
41881
41877
197636
41871
16152
41867
16143
4787
41854
41852
61010
41847
16128
41842
16117
9601
16112
41828
16110
41824
41822
4805
41820
16097
61045
16095
41811
35339
4813
16086
41802
16084
16083
61059
41798
16080
56246
16076
41791
16073
41789
16066
9652
16058
16054
41770
16050
41765
54652
9676
16038
41750
41749
16030
35401
41743
16020
16019
41733
35415
16010
16007
4854
41722
15997
61146
15994
41710
41709
41704
15982
61163
41692
41691
41689
61171
15965
15964
15962
41678
15960
15958
15954
61190
15945
15943
41659
35491
41653
15935
15930
15929
15924
41639
15919
61223
35511
15915
41631
61231
41622
9814
15895
15894
9822
41606
15886
9831
41600
41599
41596
41589
61276
35567
15857
41572
41571
15851
41562
61297
41560
9875
41556
41554
15836
41552
15830
41540
15808
9908
15806
15805
61337
15802
15800
15798
41508
15782
41496
41495
17828
15774
15772
35662
15765
56403
15763
41476
15757
15756
15744
15743
61400
41457
15738
41454
41453
15735
15734
15732
15725
41440
15721
41435
41431
10002
41427
41426
15706
41421
15703
15699
15696
15695
15694
15685
41401
15682
10036
41390
15672
15670
15669
15668
61480
15659
15658
41369
41364
15645
41360
15640
56466
41345
15626
41340
41336
15617
10099
15614
15612
15605
56484
15600
15598
41313
15595
15594
41307
15589
41305
41302
15577
15576
41288
15570
41281
262218
15557
41268
17941
15547
15544
15541
15533
15527
15525
56523
15517
15516
41230
15510
41221
15502
262248
15497
15493
41209
35937
61657
15475
15474
41190
15471
15468
15463
41176
41175
15454
41168
15450
41165
41164
41161
41157
15439
41152
41151
15433
41148
15428
15426
15421
15419
41134
15412
15401
15399
15397
262301
41095
15377
15372
15368
15366
41082
41075
15353
41066
15348
15344
61813
41038
15320
15318
41034
56627
15311
41024
41023
15305
15301
15296
41011
15290
41006
15267
15265
40975
61889
15250
63494
40948
15221
15219
61924
61928
15206
15202
40913
40911
15191
15189
15180
15177
15169
15164
61978
15152
15149
10578
15133
15129
262440
62028
15108
40824
15090
20686
40805
15085
40788
40784
15065
62081
15054
40762
15042
15029
15026
15024
15011
15006
62136
15003
40715
14993
14989
14988
40702
14979
262509
40676
62189
5387
40653
62206
14929
14921
14910
14909
14907
14905
14904
14901
5416
14877
262560
262561
14868
14866
40581
40579
14860
62282
14840
14832
14828
62314
14824
40528
40511
14793
40498
14773
40475
40473
14755
14754
14753
5483
14747
14745
14744
14743
14742
36687
40457
62407
262631
62415
40440
62421
262638
14717
40430
14709
14702
14701
11017
40414
40395
40393
40387
14669
40383
40375
14651
14638
40341
62523
14615
40328
14605
262696
40317
14589
40300
40285
40284
40281
262717
14558
62588
14552
14551
11168
11170
40260
62600
14537
262730
12302
40237
40224
40220
14492
12314
57043
262756
14477
40193
40191
11242
40189
262766
11260
262770
11269
11271
11280
40151
262781
14430
14418
262789
14413
40128
62734
57084
14399
40111
262806
14380
31382
11340
14374
14371
14369
14363
14361
40076
11359
40068
40065
40061
37090
11383
14325
37105
62825
14313
40028
62833
14299
40015
14291
14288
5714
14282
14280
14271
62874
14265
57153
14263
14259
262869
62889
39964
14244
14237
39948
14230
39944
57172
62917
39939
37209
62929
39928
39923
3836
62943
39912
5760
39906
39904
62955
62956
39900
14178
262914
11556
39869
14147
39861
14135
14133
63010
14127
39839
39837
39835
14116
39832
39824
39821
14103
39817
39816
39811
14090
14086
14085
14080
39792
39791
39787
39785
39783
39781
14059
39775
14051
39765
39762
39760
14041
39756
39743
39737
39728
14007
13999
13994
39710
39704
263004
39702
39701
13979
13977
39685
39676
11758
263019
39669
39668
11766
55352
55353
39651
39647
39642
39637
39636
13909
39613
39612
39611
39608
39605
39603
13878
13876
39591
13871
13868
39582
11854
39574
39572
39569
39560
39555
39551
39545
39543
13825
39537
13819
39531
39529
39526
13807
13802
13791
13790
39506
39505
13787
39493
13773
13768
13767
13765
39480
13760
39473
39470
13750
39458
13739
39451
13730
39444
31708
39442
39440
39434
39432
13706
13703
39418
13694
13693
13692
39405
39401
39399
39392
13672
39386
39375
13657
13649
13645
13644
39356
39347
39339
13618
13614
39326
13607
39318
39310
39309
39308
39301
39299
39295
39293
39289
39288
39273
13555
39271
39264
39257
13536
39251
39248
39242
39232
39216
39211
13490
13489
39205
39199
39197
13478
39193
39184
39180
39179
31845
39168
39167
13446
13445
39156
13438
39153
39151
13433
39138
39134
39133
13415
13414
39125
39122
39121
39120
39115
12321
39107
39102
39097
39091
39087
13368
13367
13363
39074
13354
13345
13340
39056
13335
13333
39049
13331
39046
39045
13324
39040
39039
13319
39032
13307
39020
39011
39010
13289
13285
38987
38976
13257
13253
13249
38964
13246
38961
13238
13237
13236
12480
38949
13230
38934
38932
38930
13208
38924
38922
38917
13194
13193
13189
13188
13184
13180
38896
13178
13173
38888
13170
13169
38883
38880
13157
13156
13147
38861
38858
13133
13132
13127
13124
13122
13121
13119
38835
13115
13110
38826
13106
13101
13094
38809
13091
13088
38794
13075
13069
13066
13065
38778
38773
13055
38771
38768
13046
13045
38759
13041
38757
13037
38753
13032
13030
38742
38740
38731
38726
13005
13003
13002
13000
12998
12997
38713
38712
38710
12990
12989
12986
12980
12978
12976
12975
12971
12969
12968
12963
12956
12946
12941
12788
12926
12924
38640
38639
12912
38623
12905
38621
38616
12897
12895
38611
131778
12883
12880
12874
12872
12871
12849
12859
21430
12850
38566
12847
38561
12843
12842
12835
12831
12829
38544
12817
38527
38525
57882
38511
38506
38505
38503
38500
38496
12778
12773
12772
12769
12768
12767
38477
12754
38462
12741
38456
12735
12732
12731
12730
12993
12716
12715
12714
12713
12709
13009
12705
12703
12695
12693
12690
12687
12685
12683
57944
12676
12670
12668
13056
12657
12653
12651
12644
12642
12637
12625
38340
12618
12617
38333
12615
12611
38322
12601
12599
13118
12593
12592
38307
12586
12581
12580
12578
12577
38289
38288
12570
38285
38283
12564
38278
12556
12555
12552
38264
12545
12542
12541
12540
38248
12530
12519
38235
38229
12507
38220
13213
12496
12494
38209
12491
38203
38202
38199
12481
38197
12479
38195
38193
19479
12470
13247
12466
38182
38176
13259
12455
12453
38165
13270
38158
38154
38149
38148
12430
38146
13293
63855
12418
12414
12406
12399
12390
12389
13329
13332
38097
38095
38091
38082
12361
12360
12357
38071
12353
12350
12348
12346
13370
12343
12338
12337
12334
12333
12332
13385
12329
12327
12324
38040
12322
19555
12316
12315
38031
12312
38026
12306
38022
12303
38019
12301
12297
12294
38001
37996
12271
37978
12260
12258
12252
37963
37958
13480
12222
37930
37928
37906
12188
12187
12184
12182
12180
12179
12178
12154
12150
12148
12145
12140
13576
13578
12130
12129
13591
13592
12121
12119
12112
12111
12097
12089
12087
12083
12066
12064
12046
12044
12042
12041
12036
13682
12025
12021
12008
12006
11996
11994
11986
11979
11976
11970
11966
37678
11960
37672
11951
37662
11942
13776
13789
11924
11921
37637
11919
11915
37628
11904
37619
11901
6908
37613
37612
13826
11888
56038
11879
37578
13855
11855
37571
11853
11852
11847
11845
11837
11835
11830
37545
11817
11816
11815
37529
11806
37521
11799
11798
37497
11776
37483
13951
37475
6981
37468
11750
37463
11745
37457
37451
37449
11727
63157
11722
19855
63152
11714
11713
11712
11711
11708
11706
58436
11696
11693
11691
11686
37395
11668
11666
11664
11663
37376
37374
11653
11650
11647
11643
37358
37357
37353
37347
37336
37309
37308
11588
63013
37284
37282
11563
11562
37276
11557
37273
37271
11550
37255
37254
37253
62969
7091
37248
11530
11524
11522
37238
37233
62947
37228
11507
37223
37219
37213
11492
11491
37204
11486
37187
11468
37184
37183
37182
37179
11457
11456
37153
11432
37148
11430
11427
11426
37140
37137
37133
37125
11404
11403
37119
11398
37110
37101
37100
62814
62807
37088
11368
37084
11363
37076
37075
11351
20041
11348
37063
37061
11343
11342
37057
37054
37053
37045
37037
37035
11317
37028
37027
37018
37013
37012
37011
11290
11288
36997
36994
36992
36991
11272
20080
36986
36977
11259
36974
11255
36971
36965
36961
14472
36959
36958
11240
11233
11232
36947
36944
36943
36937
36932
36930
36928
36925
36923
20115
36917
36916
36912
36907
14543
36887
36885
36881
36874
36873
36868
36866
14567
11139
36846
36843
36841
11123
11115
11114
36820
11096
11081
11074
11071
36786
11058
62489
11051
11045
11032
11030
11025
11019
36734
36732
11014
11013
62446
36728
20214
10993
62423
36696
10973
10970
36683
36678
14756
10954
36666
10947
10933
10932
10929
10913
10912
36628
10910
36626
36625
36624
36623
36622
36619
10886
10881
36585
62300
14864
36563
10838
10835
10834
10823
7455
10796
7465
36498
10778
36493
10774
10771
10770
10764
10756
36471
10753
36466
62178
10733
14985
36446
36436
10715
10708
36423
36416
36412
10692
36408
58940
36394
10674
36383
36377
36374
62088
36352
36351
10625
62047
36327
36326
36324
10594
10587
10583
36295
62007
36280
61996
10550
61971
36253
10533
61955
36236
61950
61949
10507
36222
36215
61929
10490
10481
10475
10474
10464
10457
36171
36149
10430
10429
36144
10421
10417
61848
61844
10397
10396
36103
36086
10367
10355
10352
61776
36049
10326
36031
36030
10310
36025
36024
10302
36012
10292
10288
36003
10282
10279
10278
35994
35993
15440
10271
10269
35985
35962
10242
10238
35953
15491
10223
61655
10219
10217
10208
10204
10201
35916
35908
35899
35891
10160
10158
10145
10143
10135
61568
10133
35847
35843
35838
10118
10113
10103
35819
10101
35816
35815
10094
35810
15623
10089
35805
35804
10084
35795
35788
35776
35768
10049
15673
35753
10032
10031
10029
35745
10026
35742
10024
10022
10021
35737
10019
10015
10013
15704
10010
35725
35719
35717
9999
35714
15723
35706
35701
61417
35699
9976
35686
61398
9957
9950
15766
9942
61372
35654
9931
9930
9929
35645
9927
35641
35638
9919
9918
61349
35631
9911
35625
9905
9902
9901
35617
35614
35612
9893
9892
9891
9889
9885
35601
35598
15835
9876
35592
9871
35584
35575
35574
35568
35566
9848
9845
9842
35558
35549
35548
9829
9824
35539
9821
35531
35526
9808
35524
35518
9797
35512
9790
9785
15936
61200
35467
9749
15974
35457
9738
9737
61170
56755
9733
9730
9729
9723
35434
35432
35425
35421
9700
16016
35409
9689
61121
35400
9680
35393
9667
55441
35377
35376
9658
35374
9655
35371
35369
9650
35362
61070
35346
9627
9625
16094
8047
9618
35333
35332
9614
35329
35328
9609
9607
35320
20915
35313
61028
20919
9587
59492
35302
9584
9583
35297
16150
16154
35274
9556
16160
16164
9549
16170
35260
9541
35254
16181
9526
35239
35238
35236
60948
9513
35223
9505
9503
9500
9498
9497
35213
60929
60926
35205
60917
35199
35189
9466
60899
35178
35177
9457
35168
60884
9443
9441
35154
35152
16283
35144
60859
35140
9416
35132
16303
35115
9396
9394
35104
9381
35091
9371
35087
9365
9354
9351
35067
60777
35059
9341
9340
60771
9336
35047
9329
9328
9326
9325
9318
35033
35032
9313
35025
9304
21064
35019
35018
35017
9299
9298
9297
9293
60725
35007
35004
9286
35000
34995
9269
9268
34984
9264
60695
34977
34974
9255
34968
16467
9246
9241
34953
9230
9229
9226
34934
9211
9208
9205
9204
34916
9198
62754
34912
9193
34909
9189
9186
9182
34898
34892
9167
9166
34875
9155
9153
9150
34863
9145
9143
34858
9137
9136
34848
9129
34844
9125
9122
9121
9119
9116
9113
9112
9110
34820
16617
34814
34803
9085
34797
9070
34786
9067
9066
9063
34779
34772
34770
196655
9050
9049
34762
9044
9042
34757
9039
9038
60471
9036
34752
9032
34748
34747
34744
9026
42403
34739
9021
60447
9009
9008
34723
16713
34718
9000
8999
34714
8359
8990
34704
34700
8982
34695
16739
60409
8972
34688
8970
8968
8966
34676
8954
8953
8950
34661
34660
34655
34645
8926
8925
8918
34629
60341
8905
8903
34619
8897
8896
8895
8893
8890
34604
34602
16832
8881
8879
34594
8871
8870
34584
8866
8865
16851
34573
34572
34569
34568
16866
8847
34560
8839
34555
34554
34549
34547
8825
8823
8821
8820
8816
34525
60241
8804
8798
34513
8788
34501
8781
8779
8778
8774
8771
60203
8767
8764
8763
8758
60191
34470
8752
8751
196957
8744
8741
8487
34456
34450
8732
8492
34444
8726
60158
8723
262807
8718
8717
34430
8711
60144
34426
8708
60139
34421
34419
8697
8692
8689
8685
8681
34397
8677
8676
8675
34391
34385
17048
8664
34378
8660
8657
34372
8654
8649
8648
34362
17072
34359
34358
197068
34354
8636
34347
8629
17099
8615
8613
8612
34326
34325
8607
34323
8601
34315
8596
8595
34309
8591
34305
34304
8586
8585
60018
8580
34295
17139
60009
5713
197133
34289
34288
8570
8569
8565
34279
34277
8559
34273
8554
34270
8551
34267
34265
34263
8545
8544
8542
34254
34251
34250
17183
34248
8530
8529
34244
34241
42905
8522
8519
17197
8517
34232
8513
8511
34225
34224
34223
34221
8501
8495
197212
34209
8491
34204
17229
34201
8477
34190
59905
34187
8468
8462
34177
8457
21488
34171
8452
34168
8449
8447
8445
8443
8440
8437
8431
34146
34145
34144
8426
34139
8419
8416
8412
8410
34123
34120
8402
8401
8400
8395
34110
8661
8391
8390
34104
8386
34102
8382
8376
34092
8374
8371
8369
8368
8365
8364
17356
8346
8345
34060
8342
34056
8338
34052
8331
8330
59761
34042
8323
34037
8319
8317
8311
8310
8309
8308
8304
34019
8301
8300
8291
34006
43142
8285
17431
8282
8280
33991
8273
59702
33983
8265
8262
8261
8258
33971
33970
8251
8249
33965
8246
8245
8241
8240
33951
8226
8220
43209
8218
33934
17501
33930
33929
33924
33923
33922
17511
33920
8201
33915
8194
8192
8190
33904
59620
33892
33891
59605
33885
8167
33874
17559
33871
8153
8151
8149
8148
8137
33852
59562
33843
33842
8121
59547
197595
59542
33823
8103
8100
17621
59527
59515
59514
17639
8075
59507
33788
197640
59498
8057
17659
8055
33771
33770
33765
33764
33763
59469
33749
33748
33742
8015
17707
8001
7992
7991
17726
393742
33701
60294
33695
60299
17746
33680
60304
7961
33676
393708
33668
33667
33662
33660
33659
33657
33652
33651
33650
17785
7925
7922
7911
197798
17814
33616
17820
33606
33604
59318
33597
33588
33576
8928
33569
33567
7849
33561
7843
33554
59268
7832
33548
7829
7828
33544
7821
17895
33536
59249
33529
33525
7806
33517
33514
7796
7795
7794
393545
7788
197922
7782
33494
33490
33489
33483
33481
33480
7754
33470
7752
197960
17970
7738
7735
7725
33438
7718
7717
7713
9002
33422
393457
393451
7693
33409
7690
393444
7682
7679
18037
393430
393428
7672
7670
7668
7660
43769
60456
7657
7654
33363
33362
33361
7643
7636
7633
7632
7631
7629
7617
7616
33327
33321
7602
7600
7598
7597
7594
33302
7578
7575
33287
7568
7562
7552
7546
7545
7543
9086
7540
7539
33251
7533
33247
7529
7527
7522
7514
393266
18206
58942
33224
7506
7505
7502
7500
7497
7496
33210
58923
393238
18233
7481
58914
7479
7477
7475
7474
7473
33189
393225
7469
393223
33182
7459
18260
198252
7453
4565
33164
7438
33154
33148
7430
33132
7407
33122
9158
7397
7393
58825
7385
33098
33097
58803
33084
33082
7361
33077
33073
7352
60610
18366
58782
7342
7341
18379
7332
7315
7314
7311
60632
7303
264472
7298
7296
58725
58717
7276
7272
7270
264439
7268
32982
32976
7257
58689
7250
58682
58678
32959
264409
18479
58666
23308
58656
7219
32934
7212
263311
32915
7194
264362
58621
58620
7181
58610
18540
32890
32885
198539
32882
7162
32869
7151
32867
34997
32855
198569
60717
7132
58552
7106
7098
32808
7086
9316
58511
32791
58507
32787
7065
7057
32773
7055
58486
7050
7049
7048
7046
32760
58473
18678
58470
58466
32748
7029
58461
32743
32742
7018
32734
7016
7015
7014
7012
7011
58443
7004
32719
58430
6994
32703
6983
32698
6966
58396
32678
58392
57681
6954
6939
32654
32650
6922
6921
32634
6913
6912
6910
32626
32625
32623
32622
6904
6903
6900
32613
6894
32609
198816
58321
6886
6881
6880
6879
6876
32592
6874
6870
6866
6863
6858
6856
6855
6854
6853
6849
6848
6846
32554
6834
6833
18883
6830
6828
6824
58256
6821
6820
58243
32524
6805
6802
6799
6798
58224
6789
32505
6786
35179
6782
6778
6777
6775
32491
6772
6769
6768
32479
32477
6758
18965
6739
6738
6736
6735
32451
32448
6730
6724
32440
198988
6714
6713
32425
32421
6703
6702
6700
6699
6697
32413
6694
6682
6679
6677
9519
6672
32385
6667
6663
6662
6661
6660
6659
6653
58085
6648
9534
4768
32354
58067
19086
6623
6621
6620
6619
6614
32329
32328
32327
19108
6598
32314
6594
6582
6580
57807
32286
6568
6559
32270
57982
32262
6539
6536
32249
6528
6517
57948
61029
6509
61031
32222
6503
61034
6498
32212
32205
6487
263656
57918
6479
263646
6473
9621
6471
32181
199244
6461
19255
6459
61056
263625
57888
6453
6450
263616
32162
263612
57873
57872
32152
57864
6429
32145
263596
57858
6423
6421
6419
263585
61078
6412
57843
6407
58933
6400
19318
263584
32107
6389
32105
32098
32097
263546
6372
6367
6364
57795
6360
32068
6347
6458
6337
6334
6332
263500
57763
6327
6325
263494
32035
32034
6315
32028
61130
6303
6300
32016
6296
6295
31993
263444
57707
57704
263437
263434
6263
6261
6254
263422
31965
31953
31950
57662
6224
6223
6222
6221
31932
6210
6203
6197
6189
6181
31893
57608
6167
19551
6163
45267
31877
57588
61211
6147
31863
19570
263314
31857
19582
6130
199578
6122
57554
57534
263264
57524
263259
31797
6079
6067
31783
6062
57494
31776
6057
57487
31769
31760
57470
6034
57463
31742
6022
31736
57451
31732
31727
31726
31725
56356
31720
61287
31712
57427
199715
57422
31703
31692
263143
31686
57397
11367
31677
31672
31669
31662
55383
31658
22747
31649
263099
31641
57344
263075
31621
263073
263072
263070
31611
3303
31608
57324
31605
263057
19830
31595
263047
31588
263038
9924
31581
31577
31576
57290
57285
31566
263018
199860
263011
31556
31554
58055
263003
31549
263001
263000
31546
57261
31543
57259
57256
262988
31529
61382
57239
31519
5800
5794
31510
262962
262955
31501
31500
31499
57214
262949
31495
57207
5769
31484
31479
31477
57193
31475
57187
31463
5742
5738
262907
262906
31452
5730
31444
5726
5725
5723
262891
5719
5715
20001
31430
31425
31424
5704
31416
31415
20018
57129
57128
5693
5691
5690
57120
57119
262854
262851
262848
262847
31391
5669
5668
5664
5662
31376
57091
31371
31370
262822
31368
5650
262819
5645
262814
31359
31357
5639
31353
5631
31343
31342
262793
57055
31334
5616
57045
5610
262778
5607
31323
5605
31321
5603
5602
262769
262765
262760
5588
31304
5583
5580
5578
31294
5576
31287
31286
5568
31283
5564
5563
262731
31277
31275
5555
5552
262721
5550
5547
31263
31261
5541
5539
5538
5537
262706
31251
31250
5532
31246
262697
31242
5524
5523
31239
5521
262689
5518
56949
262684
5513
31229
5511
10102
31225
262676
5504
5503
31216
31214
5495
262664
56926
262659
5488
31204
31203
5484
31200
31198
5480
31195
56910
5468
5467
5466
5459
31172
31167
262617
56876
262609
5438
262605
5434
5433
5432
31148
31147
5429
5427
5425
262594
56857
31138
31133
5413
5410
5408
31122
5404
5403
31117
56833
31115
5397
5396
31112
5394
5392
5391
5390
20328
5386
5385
5384
31100
5381
31094
31083
56799
31078
262526
262517
31059
20376
262505
262504
262503
262502
56761
31042
262494
262493
262492
31038
31036
262488
31034
31033
31029
31027
31025
262474
56737
31017
262469
262468
262463
262462
262458
30999
30998
30997
262444
30990
30988
56704
30986
30985
262429
30975
30972
30971
262421
56681
30962
30961
30960
61666
262405
30950
56665
30943
262394
30936
262388
30925
262377
30922
262374
30920
20514
56634
30914
133781
56628
30910
30904
30902
262354
30900
30892
262342
20544
262340
30881
30880
56595
133741
30870
30868
56582
262310
30855
30851
30848
30844
262282
30827
133694
5107
5104
30818
56534
5089
262254
262253
5078
56511
30793
262242
5071
30784
30783
30782
30781
30778
5056
30767
5049
30764
262215
61763
56477
56468
5033
30746
30745
262195
30740
262192
5017
30733
262184
56447
30729
5006
30722
30721
4997
4996
30712
30709
30700
262150
30696
30691
30689
30688
30686
56402
56394
56391
56385
30666
30663
30653
4927
30640
133507
56350
56349
133499
4913
30619
4901
30600
56309
56308
20845
30583
133448
4862
133444
133439
4853
56286
4851
4847
4845
4844
4837
4833
20884
4826
56258
56257
30539
4818
56251
4816
20902
4812
4811
4809
4808
30524
20910
4804
4802
30517
56233
4796
133380
4788
133372
56218
4780
30496
4777
4776
4775
4773
4771
4770
4766
4765
4764
4761
4760
30475
4755
133339
56186
4750
4741
4739
56169
30447
4725
4721
30436
56149
4713
133295
4704
56133
4694
4686
4685
133268
61945
4678
4675
4673
133255
4658
4657
30373
30372
56088
4651
4648
133232
30362
133229
4641
4637
133219
133216
4628
30340
4621
30336
4618
4617
56048
4613
56046
58463
4609
4608
56040
133185
4597
56030
4589
133170
21132
4581
30282
4558
4557
30264
30263
4544
30259
4538
30247
4528
55953
4515
30217
133084
30211
55915
133064
133062
30183
30176
30170
30167
30162
4436
55865
30147
30134
133001
30132
30130
30126
30124
30122
30119
55828
30110
55821
132969
30097
30094
55805
55803
55794
4358
30072
30059
55772
21378
21379
132918
55766
55761
4323
30036
132901
30032
132899
30029
30028
4307
30023
55738
132884
132876
55720
55713
132863
132862
21442
29988
4270
4269
58577
4267
4266
4265
4264
4263
29979
4261
4258
55690
132839
132837
55685
4250
21479
55665
4230
55663
29944
55653
29933
55649
21501
29930
55644
4208
132789
132787
58601
4193
29909
21528
4181
132761
29889
29886
21547
132742
29870
4150
55581
29863
132730
4136
4134
29846
29844
29838
55554
55548
132692
132687
55532
55526
29802
55515
29791
29789
132653
132651
132649
4058
132641
132640
29761
29760
4040
29748
132615
29737
132602
29732
4007
4004
29713
29712
132579
55427
29709
55423
21730
29699
29697
29695
29691
55405
29687
29686
29684
55395
3958
29674
29670
55385
3943
29657
29655
29649
29648
29644
58691
3925
29636
29632
132497
3910
132490
29620
3900
29614
55330
55329
29608
29607
29606
29600
55314
29596
55309
132454
29582
29576
132442
3855
29571
132434
29562
3842
21877
29553
29551
29550
55264
29544
132410
132405
29535
29534
3816
29530
29527
3807
55236
29518
21918
10961
3790
3786
3776
29492
29491
3770
29485
3766
55199
3758
29473
3755
29471
29468
29467
55183
29465
3745
3742
3741
29457
29456
3737
29453
29452
21981
29449
3728
29442
29432
3714
3707
62432
29422
3701
3700
29414
55130
29405
29404
3685
132267
3681
29396
3676
29386
29384
7349
29382
3663
3662
132246
3651
29363
3644
132228
132225
29354
62471
132203
262669
29329
3605
29319
29314
3595
3593
29305
29304
29303
29300
132165
29287
29286
29285
29278
132145
132142
3549
132132
29259
29252
3527
132106
29232
54945
29226
29217
29213
132080
29209
29208
54924
132074
132070
29199
3479
29194
29190
22244
29182
3464
132047
11992
29177
132040
29170
29154
29152
29147
3422
3421
29134
29125
29124
29119
3397
29107
11164
54815
22335
3378
29091
3372
3371
11172
29084
29081
3361
29076
29075
29074
29073
29071
29069
29066
29062
29061
29056
29053
29050
29049
29047
29046
3327
3325
11195
54756
29037
3316
29031
29030
3312
3308
7470
3302
3301
29017
29014
29012
3292
3291
29007
29006
29003
22431
29000
28996
28994
22442
54705
28986
3268
3267
54700
3265
3262
28978
3257
28972
3254
3253
3252
28968
3249
28964
24093
3243
3239
3238
62668
3226
3225
3223
28938
3218
3216
3215
54648
3213
3212
3209
3208
28917
3194
28910
28907
28906
131772
58941
28891
28890
131755
28886
28885
28884
28881
54596
28878
28876
22561
28870
22571
28859
262788
22576
28849
3128
28843
28840
131706
131702
54543
28825
54540
28812
54527
28802
28801
3081
28797
22637
22645
28784
22653
28775
54489
28769
28768
24192
28762
28761
28760
16130
54473
28751
28750
28747
28745
22691
28738
28719
131586
28717
28716
131583
28712
28707
28703
28697
54412
28685
28684
28683
22750
28676
28669
28668
28667
28666
22768
28663
54376
28658
28657
28654
28653
28649
28642
28640
28637
28634
2914
11402
28625
28624
2906
28620
2901
2899
2897
2895
22822
28605
28598
2874
28590
54301
28580
131447
2861
2860
28576
2857
2856
2854
2852
2848
2847
2839
28554
28548
2830
28545
2820
2818
54240
54234
28513
28512
28511
28510
28509
54225
22925
28502
28497
131349
22957
131334
54182
131322
131320
2734
2730
131310
28438
54154
131303
2716
2715
2711
2707
2706
131284
2698
262900
2688
2687
2686
2685
28400
131256
54098
28377
28368
2648
28364
28360
28359
11537
2637
28352
28349
28346
28343
131210
131207
28338
2614
28330
28329
2611
23106
2607
2603
2602
2594
28310
28309
28306
28305
28303
28299
131165
28293
28292
2572
28287
28285
28284
28283
28279
53989
28271
28268
28267
28266
28264
28263
2544
28260
131127
28258
28255
28250
28247
2529
28245
28244
28242
28241
28239
2519
2518
2516
23201
2510
28226
28224
28220
2500
2497
28212
28210
28208
28205
28204
28202
28201
28198
28192
53907
28189
2470
28186
28183
28173
28171
28169
28168
28166
28165
28158
28155
28153
28146
28145
28142
28141
28137
28136
28135
28133
28132
28130
28126
28125
28124
28122
28118
53828
28103
53817
2381
2379
53786
53767
28036
28032
28024
28022
53727
28007
28005
28000
59239
27992
27986
27983
53698
27978
53692
53690
27970
27969
27951
27947
23487
27932
27924
2200
27908
27896
27895
27893
27887
27884
27882
27881
53597
27879
27876
2153
2152
2140
2134
27841
11796
2119
2118
2116
2110
2107
27822
27817
27814
27810
27807
27805
27800
27796
2072
23650
27781
53497
27773
53488
53486
27768
27765
2044
27759
27757
27751
27750
27747
23686
27745
27742
2018
27724
53439
27720
53435
27717
1998
7908
1982
27696
27693
1968
27678
1955
53388
27665
1945
27653
1930
1916
53348
27630
59370
1887
1886
27597
57388
27589
27582
23855
53292
1853
23871
1842
27553
27552
23881
1828
27537
1818
53246
53242
27524
1803
1797
53225
27506
1785
27501
27498
53209
53205
53202
1767
53199
1764
1759
53184
53182
53179
1742
1741
53174
53171
53169
1733
27446
27445
53158
1723
53153
12000
4800
53144
53143
1705
53137
53131
1696
8008
53118
27400
53115
1680
1659
27373
1653
24890
12033
27364
1645
53078
27345
53061
27334
1616
1610
27325
27322
53038
27320
27318
53023
53022
53018
27299
53015
27288
27287
8048
12076
52995
27272
52982
1547
52979
52976
27258
27257
63516
52971
24953
27240
52956
27229
59497
52941
27216
27204
27195
27193
24245
24246
24247
12124
27168
12133
59519
1435
12143
52859
52858
1423
1421
27137
52851
1408
52824
12181
1351
27066
27065
27064
12189
52752
12200
27026
52739
1299
52730
27011
27008
1290
27005
1280
26994
24439
52709
52708
1273
52706
1267
52696
26978
1257
26972
1251
1249
1241
1239
59587
1237
26949
52661
1226
1221
26935
1215
1213
26929
52643
26914
24527
24528
26895
52610
24541
52604
26886
26882
26881
26878
52588
12284
26860
1140
52573
26854
1136
1126
26838
1120
24599
12305
1103
52532
12310
26803
26801
26794
26788
26785
26769
52482
59653
26753
52468
52465
26744
52457
26739
52444
26724
26689
52404
52403
26677
52389
12380
59682
26668
12386
52375
12387
52370
26652
12392
52360
52359
12400
52344
26617
26615
26613
52327
26609
26608
52324
52323
52320
26592
52308
52302
24852
52294
24864
52280
52276
26554
26549
26548
26546
52262
24889
12445
24896
818
52251
812
52245
26523
803
52233
797
26512
26505
786
26501
781
26496
26484
766
26479
760
12482
745
52173
26452
26451
724
721
719
715
12502
26426
52142
703
702
701
12510
52116
680
668
26375
26367
52080
52075
52073
52065
52064
26339
52048
603
52036
26317
577
25139
26292
26284
26282
559
558
557
26271
553
8387
549
26259
26253
25184
51964
51960
51958
12597
26230
25203
25206
26225
26223
51939
12605
26215
51930
26210
26209
26198
51910
51904
51903
25251
51892
26166
8422
26163
51875
26152
26146
26134
26114
26110
26105
26096
378
26094
376
26091
59876
26084
26076
51788
306
8470
297
51728
293
292
286
25999
25993
271
12722
25983
260
25975
25973
251
25967
25467
25961
25473
25956
237
12739
226
224
51653
25933
25932
51648
51646
210
209
206
25921
25920
25513
194
25904
51619
25899
174
173
51606
25887
25885
25883
25556
12779
51587
51580
51577
137
25847
25843
51555
51551
51547
51541
25818
12808
12810
81
80
25795
71
70
64
62
57
51490
55
25769
25767
25761
42
51474
35
34
32
25746
25745
25689
24
20
5
4
1
