38525
9583
16450
6421
25615
29071
12831
6407
50673
61297
38506
6400
51346
32098
44941
12859
38496
25653
6389
19271
132837
12874
6459
44902
12880
44896
44890
44889
198988
197091
12779
12778
44882
12773
38456
32034
12768
32162
262502
19181
263546
27299
12754
19169
6325
51431
12741
12739
19158
12735
57681
12732
12731
45029
44826
393545
12716
12715
12714
12713
19133
12963
12709
25549
12705
12703
25542
12976
19117
12695
12693
25531
12687
28910
25525
6580
25515
19092
12670
19422
25504
57608
25500
263072
25490
6221
13036
13037
25478
25472
19050
263311
25467
25466
38307
6197
12617
38726
12615
31877
19479
12611
13065
3327
12605
19024
6181
31863
19019
6661
44700
12593
41842
35425
38753
25921
12586
263004
263001
12580
12578
48268
25933
12570
18990
25408
38248
6697
18978
57501
12552
38235
13124
6128
51074
6713
6122
12542
12541
57487
302
38220
38809
12530
25369
38209
57470
51048
6736
57463
19578
38195
38193
51034
51028
6079
44604
38182
12496
44600
12491
262907
32440
6774
44587
51007
12479
25320
44581
38158
50993
25308
38149
38148
38146
18881
12455
38888
25293
41913
25291
31708
6022
26068
13237
12430
262848
50952
44530
210
12414
38930
38095
44514
38091
12406
50928
262819
38082
50923
50920
12392
12389
262807
12387
12386
25227
58209
262793
262788
13307
18786
262778
18779
38040
262773
12353
25192
25189
13329
13331
25184
262760
19752
12338
12337
32592
12332
262750
50856
45430
12327
18747
262743
12322
25163
13354
25160
25159
262733
18734
12310
13367
25148
12305
25146
25144
12301
25139
18712
44395
262706
44391
45474
50810
31546
262696
262695
13118
37958
12271
44375
262688
198477
286
31529
262676
18676
12252
44356
25091
37928
50767
262659
31500
31499
39107
25074
57174
262643
44327
25061
5794
262631
262624
39138
12200
5778
18618
5769
12189
12188
13489
12182
12180
12179
12178
18592
262589
199599
31430
32760
58430
44267
31424
680
5738
50683
31415
5730
24989
198354
31400
5715
52041
5713
13189
44237
39211
45629
12129
63494
7132
24961
24958
24955
44217
18530
31370
50629
24940
38757
31359
31357
50618
5669
12083
24923
50606
57023
24916
50597
198279
12066
50591
12064
18479
262476
50581
44158
199715
12042
262458
5617
39308
24875
5610
18451
13645
812
12025
5603
31286
24863
13110
39326
31277
13249
19531
5588
5583
51762
5580
5578
5577
37678
11992
5568
852
39356
5563
31246
18403
31244
37662
50503
45786
24810
13127
31225
5539
5537
50481
31214
44053
50473
50472
18366
24785
31203
5518
50463
31198
5511
18351
37613
44020
45845
24753
31172
39434
24748
31167
6730
52276
262318
56844
37578
26615
262310
43994
5467
5466
31148
24724
18302
24722
11879
24720
52302
50398
43975
24709
24703
31122
50384
45903
31117
11853
11852
5430
5429
31112
13332
11845
43948
18260
5416
11835
5413
3714
31094
5408
5404
5400
31083
5397
45437
52360
5391
18229
5385
5384
5381
11799
11798
11796
24634
197999
24631
18209
262206
3737
24626
262202
133781
50304
262195
13368
50300
31036
199995
33154
13193
11766
24607
31027
262182
31025
7497
11758
24593
24592
24589
24588
133741
24582
197945
30998
30997
276
262150
24572
43833
30990
30988
26788
24560
11713
11712
11711
24550
39636
1136
30962
30960
24538
133694
24534
30950
11686
18106
18103
24523
18101
24521
37353
11666
11664
29471
200107
43764
24492
43754
24490
11647
11643
30904
24482
600
18059
24479
43733
52550
7632
37308
43727
18042
50146
1221
20473
197826
20485
30868
1239
51964
37282
52579
18015
37273
62956
37271
52590
30844
18001
62943
1267
37255
20521
39775
50091
37248
43668
33363
50084
11557
11556
30818
17971
1299
17961
11537
37219
30784
37204
56466
30781
26114
30778
5089
52668
62874
38778
17922
37183
37179
5071
11486
24324
24323
30742
43583
24319
55236
43578
5050
30733
37153
11468
17888
37148
17884
30721
11457
43561
43559
133448
30709
56391
27066
133439
49964
30700
30696
11432
39912
11427
11426
30688
37105
17841
1421
4997
37100
14263
14265
43268
24247
11404
11403
11402
37084
17820
721
24238
17814
37075
197595
17806
11383
133380
197588
37061
24218
133372
24213
37054
49895
11368
36619
24203
24201
24198
11351
24186
37027
24183
133339
33588
37012
37011
24167
30583
2647
11317
197524
40028
24155
56258
56257
36992
17727
17726
16303
36986
56247
56246
24138
17714
28329
11290
11288
4862
36965
11280
24121
39289
4854
33652
11272
11271
4847
49788
43366
11260
11259
4837
59337
20836
30517
36937
24093
33676
36932
4826
24088
43350
11242
11240
17659
4816
24077
11233
11232
4809
4808
4805
17645
4802
4800
62588
17639
49743
4795
26484
30475
52965
4788
17623
4780
4779
14477
4775
4773
36873
43293
4766
56133
197394
17604
4761
43343
4755
11172
4750
58599
11164
49689
4741
4739
36843
17579
43260
4725
17561
11139
17557
27373
4713
17554
30340
53048
17547
4704
59469
133219
43226
23962
4694
11114
17534
43213
23948
23947
30362
11096
27715
23935
4670
17511
23930
17506
56030
11081
4657
17498
197284
11074
17494
4651
17492
4648
23910
8190
4645
4641
53115
11058
17477
197264
62421
43157
45820
36734
62415
43148
197248
17459
43139
53143
4610
17451
49550
17444
17443
11019
17439
11014
11013
4589
53167
197216
43110
133001
43103
23838
36678
4134
21103
17408
4565
49507
4558
4557
13768
23816
23815
132969
26609
21127
4538
17379
39451
10947
36625
36623
17356
13789
49458
14744
8331
14753
55865
43022
23756
10913
10912
10910
13802
30167
23745
45898
197099
4466
10886
17306
23724
14793
4459
132876
42979
8390
132862
197068
55805
4436
197064
42957
28640
49375
49373
40498
27665
49367
62206
53340
10835
10834
26677
39180
197035
131178
49349
42927
42926
49342
14860
23655
36493
42912
14868
8452
17224
10796
197002
42896
132789
21312
49301
10774
30036
8487
39543
30029
10764
17184
30023
393521
13878
10753
4323
55690
703
17149
42832
42831
29988
2116
20312
23563
55666
34209
200020
62081
21379
34224
55644
132692
17113
27817
4267
15694
4261
23523
4258
23520
34248
10674
4250
36351
40676
47096
23498
47104
4230
42754
29909
196844
42739
196832
10607
132602
4181
29863
36280
10594
55536
10587
29846
61950
10578
49102
29838
23404
36236
42652
23383
29802
49063
47223
27978
26827
29791
47232
21565
8732
16942
21574
23352
10507
8751
196714
49029
196709
49025
29761
10490
16905
196691
10481
61848
4058
42583
58943
10474
23314
196678
196675
36149
10464
55410
4040
42564
10457
16876
15772
61813
42549
48964
29695
16851
10429
29691
52233
48951
48950
23265
16842
42525
48940
132410
53767
55355
15267
23248
55350
36086
23243
10396
48919
48918
29649
29648
48910
55330
55329
42480
58587
29632
42473
10367
36049
48885
48882
132347
3925
29608
29606
23184
36024
14086
1251
48858
3910
3900
29582
48842
16735
29576
35994
35993
29571
23148
14103
16724
10302
60294
13345
47463
60299
10292
42396
23131
29550
21808
10282
29544
15830
15397
41066
23114
132267
23106
29518
197043
35937
2588
132246
28263
3816
16657
35916
29492
29491
10223
35104
9036
10217
16637
3790
42313
3786
29465
10201
61568
28310
3776
9063
29456
23033
15935
3758
41165
3755
3754
15502
48695
23005
3741
35843
10158
2686
29414
48674
10143
29405
15533
35819
132132
9125
42235
34797
22969
29384
2722
22958
61480
48635
42210
10103
10102
10099
10098
3676
10094
35776
10089
22927
10084
3662
15598
132074
15600
3651
22911
22909
35745
35742
22898
55002
41288
13765
22894
29314
16471
48575
48570
29305
29304
30282
34892
61400
10031
10029
42132
10026
3602
35706
3597
35701
3595
35699
10013
2828
10010
15669
42109
10002
16422
42104
15924
2847
201776
15685
52770
3561
61349
22822
35662
16397
15699
16395
131207
34953
3549
61337
15706
47794
9293
29226
35645
9957
29208
9313
9942
48467
22781
9931
9930
9929
9927
48452
9924
29182
9918
22759
42020
35598
48438
9911
28598
9908
29170
9902
9901
3479
48424
42000
41998
9891
9889
22730
9885
3462
35566
16300
15802
131310
54815
35549
35548
61231
29125
29124
41965
131322
29119
61223
9848
35531
29107
61211
28666
41943
48362
16256
41938
9831
9829
35511
22667
9824
9822
9821
41925
20764
41920
29076
29075
22652
52859
9808
22645
3378
22637
29056
22299
9790
29049
3361
35144
41562
131778
3356
41881
3352
48293
28745
16178
29017
54700
48278
3330
35434
35432
28761
1547
16164
43267
3320
29003
16160
9738
3316
3313
28996
9730
9729
3303
9723
3301
22562
22561
41822
35400
41820
3292
3128
48237
35393
22548
28968
131702
9700
41798
16112
3269
3267
35371
48212
3261
9680
35362
52925
60917
3254
16095
3252
3249
28840
16086
16010
28926
16083
3239
9658
17638
28917
41692
22489
3225
16066
28907
28906
61010
20853
48166
3218
28870
3216
4812
48161
48159
3209
3212
52950
3215
28884
9621
41722
35302
3223
35297
133185
9607
35320
22442
16019
16016
54540
35274
22431
131586
3255
9584
3257
16097
15997
15994
35254
22411
28825
60929
60926
15974
35236
41791
48076
28812
41653
15964
22384
15962
3302
15958
28972
9534
1653
3308
28978
35213
54473
16150
22364
35199
22356
48039
3329
22351
9505
9503
9500
9498
35179
15915
22335
60859
28751
35168
9482
3058
15895
47995
41572
41571
3043
22302
9457
28719
29053
28717
28716
15290
41897
9443
22284
17746
47961
16243
16245
16246
28683
9416
15836
15835
48347
16265
28667
60771
22244
28663
22241
9398
60764
9394
28654
16284
16285
9387
28649
15805
9381
15798
41966
41967
9374
9371
9370
35047
28625
47887
60725
29152
47881
29154
15774
16322
9351
35575
3491
41453
47872
47869
9919
42005
16338
41440
42306
14589
9329
2907
9326
9325
15744
41426
35004
22772
22773
28580
35000
15735
34997
42031
53110
9304
34984
9299
42044
9297
2874
49909
54240
53118
9286
28548
35641
15704
15703
2860
2857
2856
2854
2852
47796
9269
9268
9264
9260
41364
29252
9255
47777
28513
28512
41847
28509
60610
2820
41345
47764
15658
201865
34916
201861
29278
15645
29286
34898
9208
15626
53162
9198
47720
29319
9186
2764
34867
9182
42163
3663
47702
28438
15595
35753
22011
15589
131165
22006
35768
2734
9153
54098
15570
5056
9146
9145
9143
2721
15557
3707
2711
131127
15547
41230
9121
35805
9119
9116
9113
29396
2687
21949
2685
28368
2683
9103
28360
28359
34779
28352
34772
29422
28346
55095
28343
47605
34762
15497
28338
15493
9070
2648
47594
9066
34747
47586
34739
53237
9051
9050
9049
15468
28309
16629
9044
28306
28305
28303
21879
28299
2614
34718
2611
9031
2609
2607
9026
2603
21864
28284
28283
47544
21859
34700
34695
9009
28271
42337
34688
9002
9000
8997
46849
34676
15412
8990
16685
28250
8345
133498
28245
28244
53062
15399
34661
34660
21817
29535
8972
8970
8968
8966
28226
60330
28224
53907
28220
15377
8954
8953
2529
52320
47474
28210
29562
48815
8943
2519
2518
28201
2516
2514
2510
28192
8928
48832
8926
47451
21766
28186
2500
28183
2497
21755
47438
28173
28171
28169
8905
28165
21737
15311
21730
15305
28146
28145
8881
21719
28135
34555
47395
47394
8866
8865
34547
28124
16814
29655
47377
21688
40948
8839
4004
47358
55353
8821
8820
197764
197765
8804
60171
2381
60169
2379
8788
8784
42560
8781
28036
34456
8771
28032
8767
8764
8763
34444
8758
15177
16921
53698
15169
15164
8741
47264
34419
42610
27992
132454
27986
40824
8717
47242
47241
8711
42632
8708
21548
34385
27742
8697
52730
8681
8680
40784
34362
8674
15090
39900
8661
21502
21501
8657
21497
47176
21488
27908
47169
8641
42708
21473
8629
34309
55554
2200
34304
27882
27881
47143
8615
8612
21453
40715
15029
8607
15026
17072
47123
8596
8595
8591
34270
8585
34265
27841
2153
2152
21414
21413
8570
27807
14989
21409
8565
29944
34245
34241
21396
8553
8551
27810
8544
21385
8542
53488
2119
34221
59900
8529
21367
27781
34251
8513
27768
27765
8501
21341
8495
27757
8492
8491
27750
393742
21321
8473
8470
8468
2044
2042
8462
27724
21299
8455
21294
8449
8447
8445
53388
34123
8437
21277
8426
40528
8422
34104
14840
27678
14832
8410
21246
8402
8400
30110
8393
8391
21232
21226
55794
21219
34060
8374
34056
8371
8365
8364
46887
8359
55821
21195
37545
21191
8346
53292
8343
8342
21183
8339
1916
34019
46860
14754
21174
59699
8330
14745
8323
14743
14742
27582
8317
21156
8308
33991
46832
21142
132884
53242
21132
27552
14709
59653
53230
8282
33965
53224
17400
33951
21107
8262
27524
46786
1836
46781
8251
8246
8245
27506
8241
33924
27501
59605
40341
53182
53180
33915
8226
53171
46749
53169
8220
59587
8218
14638
49544
1790
33891
1785
4637
56876
14615
262254
46717
33874
1764
1759
21021
8175
21013
21011
23923
8167
43179
33843
5552
4685
1733
8151
59515
1723
197207
53087
59507
53078
14551
59497
53075
20969
1705
20965
14543
8121
20960
40220
53059
46636
53055
53053
8103
1680
8100
43244
40193
33771
33770
46609
4760
33763
43265
4765
49685
4768
14492
20911
29404
20904
36866
33742
8057
5602
8055
17621
8048
8047
46562
52981
20875
52979
52976
20870
52974
52967
20860
8015
52960
33695
27272
20850
40111
20845
8001
17675
17676
36930
27257
7992
7991
46515
33668
33667
36943
36944
33662
33659
49785
33657
5645
20811
20810
33651
17709
393223
20804
24130
40065
36974
59318
133232
14361
52880
36994
20771
36997
52873
46449
7922
4922
56260
31595
33597
17762
7911
40015
46435
7908
20746
20738
33576
30619
133295
20722
59239
33554
56308
14288
14282
33544
7850
28168
43496
24246
20686
7843
262429
31382
14259
52783
20676
34594
14244
7821
39923
43531
14230
33491
33490
52752
60280
27065
27064
33483
20640
33480
7795
26935
20634
20632
7788
41034
7784
21782
7782
28202
52720
1351
30740
43576
39869
44257
52706
14178
20597
52696
27005
7738
17941
52678
14116
20562
53904
7713
14133
1290
20552
26972
39811
1280
2572
1273
24399
20530
39792
39791
46208
7679
1257
20516
46198
7670
46195
41095
14085
52610
1241
7660
52604
20497
20495
7643
56534
39743
33321
1213
39737
7631
16713
7629
39728
14041
26882
33302
7617
26878
28285
52554
18068
39710
33287
7602
39704
7597
50173
56595
13999
18678
7575
58941
20413
264409
7568
33251
20406
18117
13977
7552
20388
7545
1120
7540
7539
46064
52482
7533
26794
13951
7529
46053
18149
1103
7522
52468
52465
56665
6057
26769
33182
43852
18187
39591
7474
7473
7470
31042
200094
7459
20299
13876
33132
5394
7438
41209
58803
7430
52376
52374
39526
54308
43925
58782
41221
5432
7407
43939
43940
39505
31605
52709
43950
45916
26652
7385
20225
7381
52324
31133
45899
50387
45896
13790
20207
52308
15576
5483
26617
13773
26613
58717
58715
13767
199974
7342
13760
39442
58704
26592
262687
58691
45846
20161
52262
58682
31195
7311
31200
37619
7303
58668
5541
52245
39399
44050
26554
58656
39392
44056
5555
39386
1853
855
32959
20115
13693
13692
45796
262253
31242
198539
58629
31252
58621
31257
45769
20081
20080
45763
20077
58601
45758
32915
41313
13649
24867
31287
7219
26479
41589
39318
45735
786
31305
45725
32882
13618
39301
5650
39293
766
32869
58552
39288
20021
15670
7162
20001
13576
50607
7151
5690
58514
45671
45669
6059
719
24953
714
31376
57045
52073
45650
702
701
24971
262401
13536
58482
39216
7106
32787
58470
39205
60632
199728
58463
58461
7091
7086
58453
58443
58436
7065
32748
45588
45587
32743
44285
39156
7049
39151
31463
57136
9318
19875
45558
7029
58389
32703
7018
45543
7016
7015
32698
19855
2914
7004
45528
31507
6130
15756
577
15757
32678
22177
57187
567
6983
6981
559
558
553
1955
32654
26230
12297
31549
19800
199585
31554
58321
12306
25143
41454
58314
31566
19782
6939
12324
45458
32609
38001
58291
6922
262599
6913
13333
25180
6910
6908
6904
45425
12361
6894
57285
262997
6886
6881
13293
19711
6866
13285
25229
6855
6854
6853
19693
6848
6846
38949
25248
13259
13257
44507
57344
6830
6828
45352
13246
45348
6821
45346
31692
26076
19653
32491
6805
6799
376
31712
13213
199420
6789
58152
45309
31727
6777
38880
45300
13194
6772
38154
6768
13188
6762
262761
38861
45274
6739
32421
25999
13156
6731
13147
6724
6723
25983
297
58085
293
25975
25973
19551
25384
6703
6702
6700
27720
25394
25956
263531
38794
58055
6682
13101
6679
45204
6677
13094
251
6667
38771
6663
38264
6660
51606
25920
6653
45177
6648
226
224
25447
32327
38285
15936
19036
25899
13056
58002
51580
45157
209
6629
13046
45147
13030
44735
262914
263444
6598
51543
174
45117
14399
13005
13002
57948
25512
12998
12997
12989
44775
19108
262955
19406
25818
12975
12971
12968
6295
19384
6300
6539
6536
12956
25795
19373
44814
51474
12946
198826
19151
101
262999
12941
6517
25577
6327
38616
6509
12926
25767
6503
81
198851
25761
19338
71
19332
64
62
57
6471
42
12883
6461
51406
44924
35
6453
12872
51395
57731
20
263080
44964
25700
6412
6429
51375
44953
5
4
32107
12843
