19978
16701
263178
263172
22678
27898
263230
263233
263235
263236
52465
52349
52348
52347
52346
19583
27826
27827
27822
27823
28051
28052
7803
263729
263726
263722
4270
6121
8178
52268
16814
27769
10992
11642
27949
27940
14069
11063
61453
61452
61451
61456
28107
28100
28101
7005
5745
26418
52453
52459
26594
26593
52438
10895
52399
52397
52394
27813
27818
27994
262249
20418
17401
13318
13316
10757
28065
28066
16418
14769
13934
13936
19064
52312
52316
52317
52314
52318
52319
20305
21824
27894
52296
52295
52294
52293
52292
52291
52290
52299
10964
52486
52484
52480
52481
27993
27996
27997
263194
263197
263196
263190
263198
14535
19109
27739
27730
27736
5692
52409
52406
52404
52405
52402
52403
52401
10277
27674
27950
27953
11193
263720
263721
19037
52363
52361
52360
52367
52364
16975
12264
61480
61481
61486
61487
10452
262219
11451
262156
262150
262151
28037
28034
28038
263704
263707
15064
52240
27700
27709
11664
27927
27926
4967
22798
7340
19519
16528
13585
27987
27984
27981
27980
14286
52477
52475
52474
52473
21590
263205
263204
263207
263206
263200
263209
263244
262934
262935
262932
14674
27833
27830
14339
262264
262265
262266
5648
28048
28040
7417
52339
52332
7934
10671
20363
3631
11392
52279
52275
52277
52271
52270
52273
12150
27756
27754
27751
18455
4387
10986
10983
15034
13474
11014
25998
61465
28114
28117
28111
11315
11311
262187
262189
52424
52425
52426
52427
52420
52428
27658
27655
262229
52388
52381
52380
52383
52384
52387
53387
26608
27790
27797
14845
28093
18496
52300
52303
52307
52308
21838
3597
27865
10318
262231
262230
262170
262174
262175
28019
28015
52496
52491
52490
52493
52492
52498
27988
263186
263183
263181
28109
7980
263684
263687
7049
263716
263715
263712
263718
52419
52415
52414
52416
52410
52413
27907
10795
21756
15252
19889
13835
11571
263226
263225
263221
52359
52357
52354
52352
52350
52351
61496
61495
61494
61493
61490
27858
27851
18576
262201
262208
22080
3449
28020
28023
28026
28029
28028
10617
27976
27977
27971
11373
52259
52251
52255
27770
27779
11356
27954
27955
262216
61448
61449
61445
61441
61443
52369
10481
52442
52440
52447
52444
27787
22699
263217
263213
263219
11750
13514
262259
262258
20106
11815
28075
28073
27883
28035
13929
19315
52329
52328
52327
52326
52324
52323
52322
52321
10640
27934
27935
27885
27881
52283
11411
27747
11599
27969
27967
27961
27960
7303
11008
10834
61476
61470
11498
22501
262192
262196
262194
262195
27744
11514
52432
52431
52430
52436
20207
27662
4926
10606
10605
19553
10697
15274
16732
28080
263241
8066
11256
11786
52374
52375
52376
52370
52371
52372
52373
52378
20321
28068
27877
27875
27871
27870
27879
27964
262222
52506
52505
52504
52503
52500
28009
27792
22927
15078
263699
263693
263697
27983
52232
52235
52236
52239
20043
27713
27711
27718
14232
10785
27692
27691
27690
22185
52311
263724
11058
17069
676
28318
20117
