16701
22678
27898
52465
52349
52348
52347
52346
27827
27822
27823
28051
4270
52268
16814
27769
27949
27940
28107
28100
28101
7005
26594
26593
10895
27813
27818
27994
17401
13316
28065
28066
52312
52316
52317
52314
52318
52319
20305
27894
52296
52295
52294
52293
52291
52290
52299
10964
27993
27996
27997
14535
27739
27730
5692
10277
27674
27950
27953
11193
19037
52361
52360
52367
52364
61480
10452
262150
28037
28034
28038
52240
27700
11664
27927
27926
7340
13585
27987
27984
27981
27980
14286
21590
27833
27830
14339
28048
7417
52339
52332
10671
11392
52279
52275
52277
52271
52270
52273
12150
27756
27754
27751
10986
10983
15034
13474
11014
28114
28117
28111
11315
11311
262189
27658
27655
53387
26608
27790
27797
14845
28093
52300
52303
52307
52308
3597
27865
10318
262170
262174
28019
28015
27988
28109
7049
27907
21756
19889
11571
52359
52357
52354
52352
52350
52351
27851
18576
262201
22080
3449
28020
28023
28026
28028
10617
27976
27977
27971
52259
52251
52255
27770
27779
27954
27955
262216
52369
10481
27787
22699
11750
20106
11815
28075
28073
27883
28035
19315
52328
52327
52324
52323
52322
52321
27934
27881
52283
27747
27969
27961
27960
7303
11008
10834
11498
22501
262192
262196
262195
27744
11514
20207
4926
10697
15274
28080
52374
52375
52376
52370
20321
28068
27877
27875
27871
27870
27879
27964
28009
27792
22927
27983
52232
52235
52236
52239
20043
27711
14232
27692
27691
22185
11058
17069
676
20117
