40962
8547
8540
21406
34328
35052
56471
39555
33890
42378
21360
197198
25522
33917
47592
31510
15702
21078
47364
20684
24847
35317
12971
42587
48367
48362
33992
47515
44133
21393
3248
31382
15942
20863
28848
16305
21213
1853
29677
31146
24656
38955
51767
30739
8787
8437
41384
44865
31239
13022
13026
47411
51967
42829
50931
16381
8832
50099
13298
13292
13008
1776
41144
50876
12453
29287
34502
49660
25575
15824
31543
56424
39508
41491
8971
50351
24992
39912
12793
43522
15939
3330
50047
38967
47106
42572
1921
29429
41603
197082
42729
57397
39478
31668
42257
44286
49135
57159
42114
34694
25268
33872
47186
31439
12605
20751
49856
35765
25069
24708
42685
34183
30971
5385
48486
31702
39285
41198
12401
57216
198650
35609
51187
51184
2036
44191
16195
34767
28771
51066
196897
35339
44353
51454
196913
8245
43002
43003
12311
51556
35492
197964
57693
47477
6883
43579
16099
25255
760
33800
12635
21039
25012
25011
198339
42539
13042
8559
57169
44250
39560
20704
39837
43771
44765
44760
21303
56963
29056
42882
8692
35369
34347
39359
48943
50180
47650
29633
31394
44594
198244
29395
24647
41437
31457
47120
1901
8562
44385
43913
43916
39885
44462
51505
6830
34735
42858
50920
16049
2494
20537
51265
56833
49322
42783
44753
44752
8339
39518
49014
34905
42076
48151
34785
25445
25447
43511
41915
50718
50719
20935
44825
16172
29081
29085
49864
50226
34474
39460
12447
12614
21013
47692
13064
13068
43848
28889
197243
24792
56612
51350
21362
42473
12762
12766
41921
29545
50721
50720
197999
28960
2871
44329
8445
8447
24953
39372
47641
16105
28701
15733
28857
16314
48735
31473
29143
43879
6798
48856
35646
39057
12895
1111
1110
1113
1114
56332
29643
31152
57763
24864
35372
35370
12991
51413
34964
15655
3190
198798
35458
34885
31361
16364
196697
29654
38977
15498
21079
1205
8412
9023
42715
49808
44453
12577
16051
28835
35552
33841
39210
28981
25056
24777
56672
41363
679
39394
39393
197636
31125
43365
44392
1109
29198
51421
39878
39879
42061
42060
5405
5404
5403
8596
28760
6720
41905
15910
50700
8387
25126
42557
48339
35698
25089
43957
49299
28919
197836
28839
16081
49488
29161
50657
