13051
40962
8547
8540
196668
43855
12585
16008
21406
34328
35052
56471
39555
33890
42378
21360
197198
25522
33917
47592
31510
201035
15702
21078
47364
20684
24847
199524
35317
61155
12971
201728
42587
48367
48362
35150
33992
47515
44133
21393
3248
199216
199217
31382
43556
15942
20863
28848
16305
21213
1853
29677
31146
24656
38955
51767
30739
12656
8787
8437
41382
41384
44865
48193
31239
13022
13026
59909
47411
51967
42829
59789
50931
16381
8832
50099
13298
13292
13008
1776
41144
50876
12453
29287
34502
49660
25575
15824
31543
59779
49705
62156
62155
56424
39508
41491
198606
8971
50351
24992
31374
5424
5423
61993
57057
39912
12793
43522
15939
3330
50047
38967
47106
198638
42572
1921
29429
2604
41603
197082
42729
62373
62391
57397
39478
31668
42257
44286
42871
199159
49135
57159
42114
29330
34694
25268
33872
47186
31439
12605
20751
49856
35765
25069
197458
24708
41351
15872
42685
59972
34183
30971
5385
48486
31702
39285
41198
12401
57216
198650
35609
51187
51184
2036
44191
199437
199438
16195
199083
34767
28771
62451
51066
196897
35339
39776
60487
44353
51454
196913
201981
15554
8245
43002
43003
12311
51556
35492
197964
57693
47477
6883
43579
16099
61438
25255
760
33800
12635
21039
25012
25011
198339
42539
60566
13042
8559
57169
44250
34318
199372
39560
20704
61260
39837
60587
43771
44765
44760
21303
56963
29056
42882
8692
201461
35369
35367
60368
62276
199994
60823
34347
199236
2049
39359
201951
48943
57072
50180
200026
47650
29633
31394
44594
21262
198244
29395
24643
24647
51776
41437
31457
47120
58171
1901
8562
44385
43913
43916
39885
44462
199893
51505
6830
34735
42858
12547
50920
16049
201440
2494
20537
198950
51266
51265
56833
49322
199497
42783
44753
44752
12878
8333
8339
39518
49790
49014
59890
34905
42076
61982
48151
34785
25445
25447
3201
43511
41915
50718
50719
198211
12930
60870
20935
44825
201686
201535
16172
29081
29085
49864
50226
34474
39460
51890
12447
12614
21013
199191
61201
47692
13064
13068
52111
43848
201881
44904
28889
197243
198980
198400
199931
24792
56612
62363
59736
51350
21362
42473
12762
12766
41921
29545
50721
50720
197999
28960
201736
2871
44329
8445
8447
24953
39372
47641
16105
28701
15733
199015
201347
28857
16314
60729
48735
62239
31473
44638
29143
200986
12382
43879
6798
21285
48856
35646
39057
12895
1111
1110
1113
1112
1115
1114
1116
56332
199733
29643
31152
5595
57763
24864
35372
35370
12991
51413
201759
34964
15655
3190
200098
40982
198798
35458
34883
34885
31361
200112
16364
196697
29654
38977
15498
31446
21079
1205
8412
61109
9023
197770
60520
60521
42715
198714
49808
44453
62388
60951
199205
12577
16051
28834
28835
201459
35552
25294
33841
39210
201125
28981
25056
202101
24777
56672
41363
679
39394
39393
200970
8514
61022
197636
31125
43365
44392
1109
201231
200188
201248
60416
29198
51421
39878
39879
42061
42060
5405
5404
5403
8596
197166
48984
28760
41249
6720
41905
15910
50700
8387
25126
59456
60498
42557
8992
48339
35698
25089
43957
60517
49299
28919
197836
31601
15927
28839
16081
49488
198917
58131
59669
29161
50657
201612
