9258
9252
45448
45447
45444
45442
131315
131316
38561
38876
58545
18345
45638
24570
23719
55878
55871
55876
4764
45341
45347
45962
9549
9547
9544
9543
23963
23965
38859
38858
24443
24446
55542
55543
45511
18104
18107
18102
18108
38263
38260
55575
38719
9650
9659
56104
24130
9328
58408
4820
132020
45167
45160
45162
45261
45269
45887
45882
7545
7546
9421
9426
45744
9288
9280
9283
10207
10203
24375
132055
38068
17890
1851
131294
45570
18375
18371
55773
55772
9820
9823
9822
55422
56191
56199
132069
132067
17763
17765
17766
9942
7637
17486
17481
23886
131581
17812
7469
55803
58559
23760
17632
17635
17991
56113
9517
9512
9519
9518
23935
23931
23938
18349
45437
45434
45431
17409
38809
9499
55533
55532
55539
45616
45611
58613
23769
23763
23762
55736
55731
9913
55881
55884
56284
56287
58440
58443
58446
38472
38470
38474
17916
45931
45937
18154
45583
9893
24120
38061
38062
38066
24125
24126
55775
55774
38887
38884
38883
38880
45212
45211
9418
9460
23871
23877
38749
38298
38295
18385
56206
56203
132263
23646
55478
55472
9900
24007
24008
58509
132129
17434
7598
18221
45152
45158
24517
24516
24510
24513
18057
18055
18053
131455
131452
17647
56123
56129
38897
55338
55337
55304
45875
45467
45460
45793
45797
17732
9746
37985
38544
38541
38549
17734
7567
45500
45506
58576
45601
45603
23645
4785
45947
45949
2823
58434
58431
55954
4846
38050
38052
17668
45192
17459
10105
10104
10106
56037
56035
56038
18291
18292
38790
38791
38796
38795
38242
132038
55762
55765
45645
45646
45867
38167
38803
46067
46069
9342
55707
23670
23677
38495
55486
55481
38894
38892
18398
18390
18397
45226
131892
45240
55797
55795
45763
45762
45768
10221
10223
7594
132127
132126
18210
38716
38714
17559
17551
10023
132230
18000
18003
9463
18010
55651
55400
56178
56177
55366
55365
55363
45827
45821
45828
38084
38085
38083
38330
38332
38333
9266
9268
45454
45457
9745
9749
55580
55581
24542
24543
24541
23708
23706
23702
55861
55865
55866
38611
4778
24238
45333
17978
55567
9398
10078
55934
38829
38825
38826
4829
4825
24473
55555
23913
38595
38597
38276
45604
9667
9661
131225
58589
45912
45913
45917
9682
45838
23741
23740
23742
23745
23744
24228
24220
23995
23992
23998
4819
10152
10150
45270
45277
45278
45892
9438
9290
9297
10210
10213
10218
37978
37975
24380
24381
56062
56065
58373
131999
131998
56263
56265
18037
18036
18039
45741
17899
9837
56184
56183
56182
24069
24061
38456
18388
45819
45818
7607
7604
7600
38307
38302
38309
45482
45483
45481
45486
45484
45953
9219
45737
24300
24303
23895
18248
56098
24479
17802
17807
55837
55834
23652
131474
17768
58525
56106
56105
56102
9509
9503
4608
23921
23922
17829
45188
38817
38816
38813
38812
56318
9718
9717
9716
24101
24104
24105
38269
24032
24033
55506
55505
55509
4858
38225
38220
45589
45665
38049
56294
56298
45657
45876
45873
45872
45871
38447
17920
17925
17928
45929
45920
45922
45926
58414
58418
17745
17477
45228
10129
10128
24188
9792
9797
37928
56051
56057
132018
17535
17536
38487
38484
10084
10080
10083
9983
56219
131252
24339
24338
4749
1221
55469
18404
18405
24039
7583
24488
24480
45577
18234
132094
45803
38911
9384
4653
45840
45844
7496
9243
45472
45780
17728
17729
37996
37990
37993
37998
38572
38570
45623
45626
45627
24565
23722
23721
23727
23726
55845
55848
45610
18358
6262
55754
55752
4826
9555
9556
23733
24245
24243
23681
38020
7631
24457
18117
18111
131268
9648
4786
38438
9435
18063
18065
46014
9336
55922
55923
55924
55926
2764
18431
9738
18380
45253
45251
7551
7554
10236
10235
10234
56087
56084
56083
56081
46073
18192
18191
17562
17561
17566
45198
24469
45527
45522
132225
45834
132145
9315
9314
9313
56163
56162
24046
38327
17496
17497
17498
7467
45118
17750
17755
17756
4841
4842
17889
45653
45651
45654
24553
24557
58530
58532
55815
55811
55813
38622
38620
38195
17983
17985
17987
58409
23731
9564
23739
58528
38016
38012
58374
45428
45425
45427
38831
38830
38836
38835
9482
24129
24476
24463
55525
55527
55521
38583
38582
7722
58606
9672
17906
45874
7718
38465
9881
9880
9889
4802
4804
4805
17907
10143
10145
10148
45207
45201
7699
24395
24394
23865
23867
56076
56074
56073
56072
18165
38287
38280
38289
17999
132070
132077
55564
56271
132276
9301
45510
55449
55443
55444
24015
24017
45175
45171
131177
7615
9224
24317
24316
24315
24313
45692
18250
18255
55302
45123
45128
18020
58505
24507
24502
24500
38657
17741
132136
131446
4739
17654
17659
55766
56132
56133
56131
56135
24092
24093
24098
55328
55326
45868
9284
18366
18361
23667
23943
45411
45416
45418
58473
56305
56307
56303
24118
24110
24117
55519
38551
38559
7486
38236
38232
58580
58582
38455
9408
38458
45956
45957
58422
23955
55941
4854
4853
4851
38048
9722
9723
9720
38179
38863
17462
17461
10115
10113
9443
17669
9479
9472
9476
37933
37931
23863
24438
24433
24436
23854
23857
23859
56026
132000
55455
55456
10097
56228
56227
56225
56220
9627
38284
38285
38288
38172
38170
23669
55491
45137
38216
7579
7578
45772
24346
24341
18208
18203
18201
38724
132085
7471
7474
7475
7477
17541
17543
17545
132118
38905
38903
45671
132162
132160
17667
17662
56270
9878
55419
55411
55357
55354
55359
55358
58510
58511
4643
4647
45852
45856
7647
7645
