9258
9257
9252
9250
45448
45447
45444
45442
45443
23753
23751
131315
131316
134092
38561
38877
38876
58464
17473
58545
18345
45638
24570
23718
23719
59204
59206
59202
55878
55870
55871
55876
55874
17797
133873
133876
4764
45341
45347
133468
45961
45962
9549
9547
9544
9543
131185
131182
23690
23963
23965
133117
17918
133414
133415
133413
17437
38859
38858
24443
24447
24446
55542
55543
45511
133637
133093
133094
133095
133433
18104
18107
18100
18102
18108
38263
38260
55575
55573
58620
38719
9650
9654
9659
132299
132292
132297
132743
132740
56104
131211
131214
24130
133081
9328
9324
58408
24231
24233
134090
4822
4820
132020
132469
45167
45160
45163
45162
45261
45269
133781
133784
133786
133787
45887
45882
45881
7542
7545
7546
9421
9423
9426
45744
9288
9280
9283
9282
10207
10203
24375
58929
133019
133015
133016
132055
132054
133901
134061
134063
134065
38068
17890
1851
132214
132217
131298
131294
45570
18374
18375
18372
18371
55773
55772
55776
9820
9823
9822
55422
56191
56199
132069
9047
24078
24072
24073
132067
132394
132397
132391
132392
17760
17763
17765
17766
9942
7637
38317
38311
38318
17486
17481
58710
58712
58713
58716
58719
23882
23886
131581
132586
132581
132583
38530
17812
7469
63937
63934
58696
58698
55803
58559
23760
17898
58739
17632
17631
17635
58734
58735
9412
9417
17991
17720
17722
262246
56113
9514
9517
9510
9512
9519
9518
132315
23935
23931
23938
132873
132875
132877
18349
45534
45437
45434
45431
38804
17409
38809
9499
9496
55533
55532
55539
45616
7175
45611
38214
132902
58618
58611
58613
23769
23763
23762
59252
59250
59256
55736
55731
9913
9912
55881
55880
55884
56284
56287
56280
56281
58440
58443
58446
38472
38470
38474
17916
17915
45931
45937
133418
133419
18154
7706
7701
45583
45584
4860
9894
9895
9893
24120
58874
58877
38061
38062
38066
133161
24125
24126
55775
55774
24053
38887
38884
38882
38883
38880
45213
45212
45211
45214
10134
9418
9460
23968
23871
23877
23874
38749
38298
38295
18385
18384
45870
56206
56203
56208
132261
132262
132263
55914
133493
23646
55478
55472
9900
133184
24001
24007
24008
133790
58509
132129
132889
17434
7598
7591
17438
9239
58720
58723
24498
133049
133048
133047
133046
133044
58927
18221
58920
58928
132603
132600
132609
7555
10075
10079
45152
45158
24517
24516
24510
24513
133368
133365
18057
18055
18053
18058
132109
132102
131455
131452
17642
17647
17644
133494
10237
56123
56129
9461
38897
55338
55337
4736
4737
55304
45875
45467
45460
45792
45793
45797
17732
9746
63525
37985
132682
131338
38544
38541
38549
17734
7567
45500
45506
7498
58576
9928
55851
55859
4752
45601
58907
45603
133851
23645
59356
4785
132725
132724
132728
38480
45947
45949
133925
2823
58434
58431
55955
55954
4846
38050
38052
133133
133130
133138
17668
45192
17459
10105
10104
10106
134076
134075
134070
132720
9449
9446
23970
132578
132576
132577
56037
56035
56038
18291
18292
38790
38791
38796
38795
38242
132038
58644
55762
55765
133417
133156
58980
58989
45645
45646
45867
38167
38169
132811
38803
46067
46069
9342
9348
134067
55707
23670
23677
23676
38495
55486
55481
63933
63931
38894
38892
18398
18390
18397
132448
45226
131892
45240
55797
55796
55795
7569
45763
45762
45768
10221
10223
7594
132127
132126
3840
18210
18213
38716
38714
133073
133074
133078
17559
17551
10027
10025
10023
132230
18000
18003
58729
9465
9467
9463
18010
59380
59383
55651
17731
17738
55409
55400
56178
56177
132916
132370
24340
55366
55365
55363
45824
45827
45821
45828
133767
37929
7652
7653
133189
38084
38085
38083
38330
38332
38333
9262
9261
9267
9266
9265
9268
45454
45457
45453
9745
9747
9743
9749
55583
55580
55581
134083
134080
134081
134085
133530
133536
133534
133539
133538
63919
63913
24542
24543
24541
23708
23705
23706
23702
55861
55865
55866
58950
58951
38611
133330
133333
133332
132907
4778
24238
17618
24234
45333
17978
55567
132015
132010
59324
9398
23915
10078
133106
133104
133105
133102
133100
55934
132858
55931
132852
132851
24045
133934
38829
38825
38826
4829
4824
4825
132529
24473
55551
55555
23913
38595
38597
38593
38598
133603
133602
38276
132616
58632
58637
58634
45604
9667
9664
9663
9661
9669
9668
133885
133881
3395
131225
131229
58589
58588
55742
45912
45913
45917
9682
45838
23741
23740
23742
23745
23744
24228
24223
24220
23995
23992
23993
23998
133853
63842
4819
4381
10152
10150
45270
45277
45278
133220
45892
9438
9290
9291
9296
9297
9294
9295
10216
10210
10213
10218
37978
37975
24380
24381
131076
131072
56062
56065
133029
133023
132048
132049
58373
4174
131999
131998
56263
56265
58372
9424
18037
18036
18030
18039
45741
45740
17899
9837
56184
56183
56182
9585
9588
24069
24061
24065
38456
132419
133438
133431
133434
18388
45819
45818
133739
133738
17640
7609
7608
7607
7606
7604
7603
7600
38307
38302
38309
45482
45483
45481
45486
45484
45953
9219
45737
58707
24300
24303
24305
23895
23897
18248
132594
132620
132621
132627
56098
24479
133509
133501
133507
133504
17802
17805
17804
17807
63920
63922
63924
63926
55837
55834
132158
23654
23652
131474
131476
131479
17768
19705
17628
58525
56106
56105
56102
9508
9509
9503
17730
132321
132324
4608
23921
23922
132863
132864
132868
132869
17829
45186
45188
38817
38816
38813
38812
58780
56318
56317
9718
9713
9717
9716
9714
24108
24100
24101
24104
24105
132382
38269
24032
24033
55506
55505
55500
55509
133582
133584
133585
4858
4857
38225
38222
38220
45589
45665
58591
4817
23758
38049
59247
59246
9907
56296
56295
56294
56298
45657
58922
58921
45876
45873
45872
45871
132706
132703
38447
133429
133425
17920
17925
17928
45929
45920
45922
45926
58414
58418
58534
17745
133401
38078
38076
38075
133159
133737
133736
133730
17477
45228
10129
10128
133216
133217
133215
133212
24188
9792
9797
9795
9799
37928
7586
56058
56051
56057
132909
132018
132379
58940
17535
17536
38487
38484
58667
10084
10080
10083
9987
9984
9985
9983
56219
56210
132258
132257
132789
131252
24330
24339
24338
4749
4740
1221
59368
55469
55467
17708
18404
18405
18406
24036
24037
24039
132421
7585
7583
58750
24488
24483
24480
45577
37987
18232
18234
133057
133050
133053
133943
133940
132094
45803
45145
18236
133555
133554
133556
133551
133553
132680
9302
131088
38911
133397
133394
132914
58882
58887
132355
59339
9384
9385
9382
9383
132029
23997
4653
45840
45844
133740
132839
132835
132834
7492
7496
9243
45479
45478
45472
45780
17728
17729
55638
58676
37996
37990
37993
37998
132679
38572
38570
45623
45626
45627
24561
24563
24565
58546
23723
23722
23721
23727
23726
55845
55848
45610
58979
58975
58973
133863
133864
4794
132732
132733
18358
18357
6262
55754
55753
55752
133450
133452
4826
9550
9553
9552
9555
9556
23733
24245
24240
24243
131199
23686
23681
133129
133120
133121
133122
133123
133125
38020
7631
17446
24457
24450
134068
133629
133620
133627
133624
133086
133085
133080
18117
18110
18111
38257
131268
59291
133859
9648
131204
131201
131200
4786
9437
38438
9435
55875
18062
18063
18060
18065
46014
9336
9331
9330
9333
9626
23604
23608
23609
55920
55921
55922
55923
55924
55926
2764
4838
18431
9734
9738
18380
132474
132473
133447
133441
45253
45251
7553
7551
7550
7556
7554
133150
45940
10233
10236
10235
10234
23837
56086
56087
56084
56083
56081
46073
2144
18195
18192
18191
133914
133913
56063
17562
17561
17566
45198
24469
45527
45522
132225
132221
132584
45837
45834
132145
132140
9315
9314
9313
56163
56162
24046
132385
132389
7566
38534
38327
9278
9279
17496
17497
17498
7467
45118
17750
17821
133525
133521
133523
17755
17756
4841
4842
17889
45653
45651
45654
58686
58687
58681
24553
24555
24557
58530
58532
58533
132393
55819
55815
55811
55813
58941
38622
38620
133323
133321
133326
133324
133328
18099
38195
45848
59267
59262
17982
17983
17985
17986
17987
132360
58409
23731
9563
9564
9565
9566
132309
132302
23739
58528
23906
23909
132848
18354
18350
38014
38016
38013
38012
58374
45428
45425
45426
45427
38831
38830
38836
38835
9482
9481
9480
9485
24129
24476
132532
132533
24464
24463
55525
55527
55521
4433
38583
38582
133612
133616
133614
133615
133618
133619
7722
58606
58605
59269
9672
9673
133898
133895
17900
17906
45874
7716
7719
7718
24343
45594
9309
38465
24215
9886
9882
9881
9880
9889
9888
55913
17637
17719
63850
4802
4804
4805
4806
58868
58869
133173
133172
133171
133176
17909
17907
133403
133400
133407
133406
133409
10143
10142
10145
10144
10148
45206
45207
45201
7694
7697
7698
7699
9400
24395
24394
23865
23867
56076
56074
56073
56072
56079
133030
133031
18165
18162
38287
38280
38281
38289
17999
132070
17998
132077
55564
56271
56273
58368
132276
132273
9300
9301
133480
24219
45510
59346
55449
55443
55444
38243
24019
24014
24015
24017
132405
45175
45171
131175
131177
131172
132897
132896
132895
132894
7615
7612
9224
24317
24316
24315
24313
58733
4634
45692
18250
18255
55302
133960
132614
132611
132612
45123
45128
133178
59330
63950
63953
18020
58505
58507
24507
24502
24500
18430
133371
17742
38659
38657
17741
132136
132130
132131
131446
4738
4739
17654
17659
24569
18346
55766
56132
56133
56131
56135
24092
24093
24098
132330
132336
132487
55328
55326
4632
45868
4742
9284
18366
18361
18363
23667
7605
23943
45411
45416
45418
58473
4744
18376
56305
56307
56303
24118
24110
24113
24117
24116
58794
132693
55519
58538
38551
38559
7486
38236
38232
58584
58580
58583
58582
9938
9933
9932
132195
58916
58914
58915
132710
132713
132715
132718
38455
9408
38458
133435
17758
45956
45957
58422
23955
55941
9838
4854
4853
4852
4851
38046
38048
133143
133146
133147
133145
9724
9725
9722
9723
9720
38179
38863
17467
17462
17461
133455
9447
10119
10115
10113
9443
17669
9479
9472
9473
9476
9477
9786
9787
37933
37931
37935
23863
24438
24433
24431
24436
23854
23857
23859
56026
56020
132000
55455
55456
58675
10093
10092
10090
10097
56228
56227
56225
56220
9623
9627
9624
132920
132245
132798
132791
131261
132623
38284
38285
38288
133175
38172
38173
38170
46070
23669
59376
55491
55493
24021
45137
38216
7579
7578
132367
45776
45772
24346
24341
58740
18208
18203
18201
38724
133061
133060
133062
132084
132085
133939
133935
133931
133930
7471
7474
7475
7477
17541
17543
17545
17546
131107
133546
133547
133544
133542
133548
58612
132118
38905
38903
133381
133382
133389
3558
45671
132162
132160
17667
17662
56270
131183
9878
55419
55411
58894
132361
55357
55354
55359
55358
131105
131109
58510
58511
4643
4647
45852
45856
133773
133197
133196
7647
7645
7644
7648
132825
