7565
38562
38030
38036
38267
58629
9651
45268
38069
9825
38315
38313
58715
58717
58691
58699
56115
55531
38212
38210
55733
58445
24122
38744
132267
58599
38031
45282
55473
132884
9230
24323
132602
132106
56121
38054
55708
45245
45766
38712
55406
56170
24050
38614
24389
55550
38592
58587
23991
45273
45276
56264
38138
38137
9832
133439
58704
23893
17806
23923
58782
45588
59249
17641
58923
38071
17471
56054
58668
58803
24481
18230
55344
55846
23688
38256
38259
58656
38203
17494
58682
58688
58689
24556
58945
38192
45326
58527
38017
38011
38200
58601
45905
24342
45904
38493
45621
55828
38555
38556
38558
59239
45951
58420
23956
17469
9441
24432
58672
55492
38721
45176
38026
