7565
38562
38030
38036
38267
9651
45268
38069
9825
38315
38313
56115
55531
38212
38210
55733
58445
24122
38744
38031
45282
55473
9230
24323
132106
56121
38054
55708
45245
45766
38712
55406
56170
24050
38614
24389
55550
38592
23991
45273
45276
56264
38138
38137
9832
23893
17806
23923
45588
17641
38071
17471
56054
24481
18230
55344
55846
23688
38256
38259
38203
17494
24556
38192
45326
58527
38017
38011
38200
45905
24342
45904
38493
45621
55828
38555
38556
38558
45951
58420
23956
17469
9441
24432
55492
38721
45176
38026
