35219
6774
35056
35627
31511
31309
41756
28691
20601
47861
49677
9208
31651
29587
49333
28747
44944
50156
24998
56693
43719
20650
25147
41991
49621
13226
9031
41604
35733
31669
50906
31237
50675
28707
48260
51797
51796
25194
57948
48638
16194
34762
21489
48408
41778
47537
42018
44806
5432
35821
28827
16326
21239
197483
31241
12392
49145
35593
50857
196755
41282
42628
35001
51466
31154
196760
8221
34167
42851
56808
59547
39804
15583
41035
29005
39923
41233
25136
49285
29435
8476
9009
197949
31612
15983
15776
33864
3173
30961
39628
9166
42160
56799
31713
49046
197429
15681
43751
43759
47377
12763
8368
12942
48315
39234
6696
5463
28704
8201
34144
21424
56837
29595
39579
48075
25344
6716
41293
42744
43256
16294
21373
49964
44312
15383
42329
48137
25428
21139
50998
3304
31449
2611
21175
6848
20501
198100
28988
56675
42792
13088
43581
12493
39318
41008
43076
21108
51867
5488
29096
41471
48517
41135
196987
