35219
6774
201894
35056
12838
35627
61299
31511
31309
29533
41756
28691
42030
199796
20601
62437
200133
60780
60735
202225
47861
49677
44862
9208
31651
12554
29587
198946
57402
60765
48844
49333
29139
62325
28747
58122
44944
50156
59827
24998
15646
56693
43719
201067
197690
20650
25147
41991
49621
13226
9031
41604
62392
35733
31669
50906
201110
25065
31237
50675
28707
199777
41523
48260
51797
51796
25194
57948
48638
16194
34762
21489
48408
25114
199541
41778
47537
42018
44806
5432
35821
8644
28827
16326
21239
58123
198847
197483
31241
12392
43324
49145
198148
35593
201205
201168
50857
48001
196755
49512
41282
202118
42628
35001
51466
43992
199670
199207
202191
197281
201366
62424
31154
196760
39721
44140
8221
8227
25497
34167
201859
42851
56808
47214
49399
59882
43469
59547
39804
15583
199756
35250
199942
201004
2822
41035
29005
39923
41233
200177
25136
49285
29435
8476
9009
197949
31612
201338
15983
15776
1891
33864
3173
30961
201887
39628
9166
42160
198985
56799
31713
50838
49046
199111
199116
197429
60436
15681
43751
43759
199095
47377
12763
8368
12942
15442
48315
39234
34958
6696
5463
28704
41451
25024
8201
34144
35230
21424
56837
29595
50083
39579
8733
48075
25344
6716
41293
42744
197034
43256
16294
21373
49964
44312
198559
15383
201050
42329
200099
60650
48137
25428
21139
200116
50998
3304
31449
60853
2611
21175
62383
6848
20501
198100
28988
56675
42792
13088
61023
34196
44216
43581
12493
59889
39318
41008
44182
5406
43076
57032
31351
21108
200146
51867
5488
29096
41471
48517
41135
201984
196987
