44796
58079
48917
42815
51925
8866
8860
39553
49738
57237
50302
35621
15362
44718
12982
51987
35293
47366
47368
39135
12756
49737
20682
196876
197053
197050
197055
35319
196738
44072
44077
198576
47510
198771
48115
50194
3245
44586
15941
31140
34669
50013
50019
33825
31460
47285
8431
197719
57813
15534
57634
59900
47410
198127
29366
29580
29582
34376
48542
16226
49330
48064
24750
51486
34991
25374
42431
9127
39505
50359
35183
34589
34917
3187
43718
43713
42049
5421
56593
35448
51614
39163
20657
41990
21249
49421
198228
29622
42942
41889
197769
42721
49815
47647
59742
31083
42878
12564
8808
34340
197236
197232
35563
31435
41803
20750
49850
41352
44201
39635
42191
48262
48264
44564
39533
51855
44017
45007
50360
50368
51189
41019
41017
16193
56371
57546
42446
8672
8390
197516
57705
20911
43943
41093
44805
49849
51555
56520
57344
3264
34841
28820
16328
21230
34395
38932
47849
39251
41870
197484
34569
44886
42398
57619
6802
56856
29343
21415
34314
57912
34295
197184
35654
39833
31522
31527
43778
49518
42410
60168
41989
197086
28949
47748
42625
44309
197102
51462
15669
39357
16127
43039
50186
198388
51582
51581
35464
43548
41946
48452
48458
28873
25166
49440
34674
50020
25206
47872
47874
41799
8795
35773
2591
197705
31291
31293
31296
39881
44851
47624
62047
25407
35756
25494
12436
56906
42855
47982
16045
34368
34361
33853
8717
196781
29122
56661
39388
48698
31029
12796
12795
9154
20822
29210
35194
57538
198259
34909
47557
43063
43068
48155
198003
51605
41234
39177
12716
49773
51045
16344
48584
24964
12962
44179
42735
42734
29080
29084
2111
47453
42248
43651
43650
48746
48747
48745
24693
47174
31420
12615
8745
57283
44781
12829
12591
198542
20876
8877
197245
8880
196807
196801
34074
49040
196779
29244
34272
42081
48622
25332
49233
29030
34753
34754
47374
49740
42295
41922
13147
197997
41764
49950
35141
24950
56546
21337
44129
51936
198765
57840
35489
35480
43561
29667
34653
38924
25224
39246
49387
48030
9070
48181
12815
50431
51383
47402
44247
197897
199364
8739
50866
34512
41313
31534
13306
48900
197604
34491
34492
41292
47928
44529
44525
13172
197814
41730
47771
49226
49699
8967
34224
42050
197304
31369
20665
31440
44317
13236
20956
9028
31287
16154
197929
31298
39401
42844
42100
57463
34524
24770
25556
25554
39396
42794
31014
31011
39601
44967
44396
43589
44553
13124
44028
44313
41703
28909
48824
43732
48982
57622
34770
35428
39683
42459
41901
49401
197069
41782
43205
42555
35122
50506
197741
44100
44101
41624
8262
44814
198744
56539
31250
39184
59620
198283
198280
29687
35503
34577
197214
197216
