44796
58079
62360
62361
48917
42815
44221
201406
60784
51925
8866
8860
199347
39553
199094
49738
57237
50302
199921
201133
35621
41339
15362
200079
200074
44718
12982
59749
51987
60092
35293
199871
31308
47366
47368
39135
12756
49737
20682
196876
197053
197050
197055
35319
196738
44072
44077
199221
198576
47510
199790
198771
48115
50194
3245
199211
200137
44586
15941
31140
34669
50013
50019
33825
31460
47285
8431
198868
198866
198860
197719
57813
41658
15534
201640
201642
62058
62052
60978
60974
200033
57634
59900
47410
198127
29366
29580
29582
34376
198941
198940
43456
48542
59639
16226
49330
197469
48064
24750
51486
34991
62323
59772
25374
42431
9127
52055
60147
39505
201233
198824
50359
35183
34589
34917
3187
43718
43713
42049
200080
5421
61996
56593
35448
51614
3237
39163
201386
20657
61321
41990
21249
49421
198228
29622
42942
41889
197769
42721
49815
62372
47647
59746
59742
31083
201305
42878
12564
8808
34340
197236
197232
35563
198938
57456
31435
201114
41803
20750
44098
49850
60097
41359
41352
15871
202043
201630
44201
39635
42191
60966
48262
48264
44564
62106
39533
59899
51855
44017
45007
50360
50368
51189
41019
41017
48996
16193
56371
50284
202168
202160
57546
42446
8672
8390
60483
197516
62228
57705
20911
43943
41093
44805
49849
51555
56520
57344
3264
34841
201351
28820
59405
16328
21230
34395
38932
199048
202209
47849
199169
39251
41870
197484
34569
44886
60560
49597
42398
57619
6802
56856
29343
21415
34314
198422
59851
59582
199173
60457
57912
34295
197184
35654
39833
31522
31527
43778
49518
200068
51374
61066
50103
41280
42410
60168
41989
199512
197086
28949
47748
201288
42625
198625
44309
197102
51462
199230
15669
39357
16127
43039
198789
50186
199818
198388
51582
51581
35464
201360
43548
41946
48452
48458
61301
28873
25166
49440
59429
34674
50020
56748
25206
47872
47874
41799
8795
35773
2591
197705
31291
31293
31296
39881
44851
47624
199898
62047
25407
35756
25494
12436
56906
42855
47982
16045
34368
34361
199301
199304
33853
8717
43147
60469
196781
59546
29122
199967
56661
39388
48698
199759
31029
12796
12795
9154
20822
60394
29210
35194
57538
198259
34909
47557
59709
43063
43068
48155
198003
199847
51605
41234
39177
12716
49773
51045
16344
60318
48584
62015
196711
24964
12962
44179
42735
42734
29080
29084
2111
47453
42242
42248
43651
43650
48746
48747
48745
24693
57447
47174
31420
12615
8745
25076
57283
199443
50645
15864
44781
62093
12829
12591
198542
60262
20876
8877
62110
197245
8880
196807
196801
34074
49040
196779
29244
34272
51196
42081
48622
201215
25332
201210
49233
29030
34753
34754
47374
49740
42295
41922
13147
50726
200024
197997
41764
49950
35141
24950
61082
56546
21337
44129
201212
51936
35466
198765
57840
35489
35480
199011
43561
60182
199129
29667
201254
34653
38924
56766
25224
39246
49387
198652
48030
59729
9070
201670
201583
60578
48181
12815
12814
50431
51383
47402
44247
42157
59484
29592
197897
199364
8739
8734
50866
60447
34512
51492
41313
31534
13306
41059
59763
48900
61071
197604
34491
34492
41292
202129
47928
60230
44529
44525
13172
197814
57765
41730
47771
49226
49699
8967
34224
39323
42050
200097
198790
197304
31369
62411
62418
20665
59873
51830
31440
44317
13236
199282
198886
20956
9028
31287
41675
16154
62386
62037
197929
60956
56389
199209
31298
39401
42844
60752
42100
57463
34524
199958
24770
25556
25554
39396
42794
200002
200009
31014
31011
39601
44967
44396
60202
43589
44553
13124
62174
44028
44026
44313
41703
28909
48824
50379
43732
48982
57622
61975
60590
34770
35428
39683
42459
200141
41901
29567
49401
198202
197069
41782
43202
43205
42555
35122
199132
50506
197741
197168
44100
44101
41624
8262
44814
198744
56539
31250
39184
201326
59620
60701
198283
198280
59463
59466
29687
61427
35503
34577
197214
197216
201613
