10704
21612
262302
262301
22341
28618
28619
28613
28616
28617
28614
28615
262404
262405
262406
262407
262400
262401
262402
262403
262408
262409
262898
262896
262895
262893
262892
262891
262890
53075
53076
53077
53070
53071
53072
53073
53078
53079
262615
262617
262616
262611
262610
262613
262612
262619
262618
10417
10412
14886
262332
262330
262337
262334
262335
262338
262488
262489
262484
262485
262486
262487
262480
262481
262482
262483
11644
262815
262810
262819
28654
53007
7365
28269
28268
28267
28266
28264
28263
28262
28261
28260
262699
262698
262504
262695
262694
262697
262696
262691
262690
262693
262692
262506
262502
262999
23105
262995
16891
53131
53130
53133
53132
53135
53134
53137
53138
1916
262710
262711
262712
262713
262714
262715
262716
262717
262719
10285
21571
21574
22689
26592
52848
52849
26598
18739
262569
262568
262562
262561
262560
262567
262566
262565
7465
10897
262911
28188
28189
28186
28187
28184
28185
28182
28183
28180
14650
13522
10362
28348
28349
28340
28341
28343
28346
28347
262798
262799
262790
262791
262792
262794
26615
26616
28663
28662
28661
28660
28667
28666
28665
28664
28669
28668
13878
11802
262826
262827
262822
262459
262458
262457
262454
262453
262451
262450
53203
53202
53201
53200
53207
53206
53205
53204
53209
53208
11271
53045
53044
53047
53041
53043
263061
263060
263065
263064
263069
263068
28327
19182
18479
262369
262368
262365
262364
262366
262360
262362
262828
262824
262825
262821
13459
28234
28235
28236
28237
28230
28232
28233
28238
28239
262664
262665
262666
262667
262660
262662
262663
262668
262669
11338
16594
53169
53166
53167
53164
53165
53162
53163
53160
52972
52970
52971
52976
52977
52974
52978
52979
22515
25832
262323
262322
262327
262820
262556
262558
262559
263094
28177
28176
28175
28174
28173
28172
28171
28170
28178
19723
262743
262742
262741
262740
262747
262746
262744
262749
262748
22876
26622
262863
262860
262861
262866
262867
262864
14868
262466
262464
262465
262462
262463
262460
262461
262468
262469
53087
8055
11242
17379
16685
53098
53099
53093
53090
53096
53097
53094
53095
10531
263010
28285
28284
28287
28286
28281
28280
28283
28282
28289
28288
19200
28588
28589
28582
28583
28580
28581
28586
28584
28585
28630
28631
28634
28635
28636
28637
28638
28639
52983
52982
52981
52980
52987
52986
52984
52989
52988
262394
262395
262396
262391
262392
262393
262398
10938
28644
28649
53012
53013
53010
53011
53016
53014
53015
53018
53019
28209
28208
28205
28204
28207
28206
28201
28200
28203
28202
262585
262584
262587
262586
262581
262583
262582
262589
262588
262515
262638
262637
262635
262634
262633
262631
262510
262511
53195
53194
53193
53192
53191
53190
53199
14204
262986
262318
262315
262310
262311
262312
262313
262871
262870
262872
262875
262874
262877
262876
262879
262878
262509
262508
262505
262507
262500
28128
28129
28124
28125
28126
28127
28121
28122
28123
15180
53119
53118
53117
53116
53115
53114
53113
53112
53111
53110
14571
28328
28329
28326
28324
28325
28322
28323
28320
28321
22548
262779
262772
262773
262770
262776
262777
262774
262775
53081
14282
10733
52864
52865
52866
52860
52861
52862
52869
13591
22250
262706
262700
23002
22356
28609
28608
28601
28600
28603
28602
28605
28604
28606
16712
262439
262438
262430
262433
262432
262435
262434
262436
10906
53038
262881
262882
262883
262885
262887
262888
262889
22148
262550
262554
13914
53069
53068
53063
10670
53067
263043
263040
263047
263046
263045
22431
262606
262607
262604
262605
262603
262600
262601
262609
262512
10429
28579
28578
28573
28572
28571
28576
262346
262345
262343
262348
262809
262802
262803
262805
262806
262807
262331
28252
28250
28251
28256
28254
28255
28258
28259
262688
262689
262686
262687
262684
262685
262682
262683
262680
262681
19873
262801
53144
53145
53146
53147
53140
53141
53142
53143
53149
52958
52950
52951
52952
52953
52955
52956
262725
262724
262727
262726
262720
262723
262722
262729
262728
262817
262814
262813
262812
27652
27656
52858
52855
52853
52852
26218
11097
262578
262579
262574
262575
262576
262577
262570
262573
262319
28199
28198
28195
28197
28191
28190
28193
28192
28359
28358
28357
28355
28354
28353
28352
28351
28350
52966
22819
23074
26607
26606
26609
22381
28656
28657
28652
28653
28650
28651
28658
11835
14840
262440
262441
262442
262443
262444
262445
262446
262447
262448
262449
53236
53237
53234
53235
53232
53230
53231
53238
53239
53062
53065
53064
22177
7162
28265
263072
263073
263070
263071
263076
263074
263079
22407
263042
263041
4230
7298
14346
7738
11432
11431
262906
26104
26107
23106
262378
262379
262377
262374
262375
262372
262373
10954
53031
53033
53037
28229
28228
28223
28222
28220
28227
28226
28225
28224
262659
262658
262650
262653
262652
7048
53179
53178
53175
53174
53177
53176
53171
53170
53173
53172
27724
52961
52960
52963
52962
52965
52964
52967
52968
17222
263102
263100
262858
262853
262852
262851
262850
262857
262856
262855
262854
27682
27688
52884
14026
262527
262524
262522
262521
262529
28142
28143
28140
28141
28146
28144
28145
15256
28304
28305
28306
28307
28300
28301
28302
28303
28308
28309
262755
262756
262757
262750
262751
262752
262753
262758
262759
10715
20266
18881
262523
10688
53089
53088
28599
28598
28590
28593
28595
28594
28597
28596
28627
28626
28625
28624
28623
28622
28620
28629
22085
13353
13357
11844
262413
262412
262411
262417
262415
262419
262418
53247
53246
53245
53244
53243
53242
53241
53240
22128
22129
14723
53001
53003
53002
53005
53004
53006
53009
13495
262596
262597
262594
262595
262592
262593
262590
262591
262598
262599
262620
262621
262623
262624
262627
262628
25933
12136
12135
26599
262321
262320
262325
262324
262329
262498
262493
262492
262491
262497
262496
262495
262494
21506
262862
262865
262868
262869
53181
53187
6505
11921
28278
28279
28270
28271
28272
28273
28274
28275
28276
28277
262518
262517
262514
262513
262988
262981
20044
28133
28132
28131
28130
28137
28136
28135
28134
28139
28138
53122
53123
53121
53127
53124
53125
53128
28339
28338
1251
28334
28336
28331
28330
28333
28332
262709
262708
262707
262705
262704
22055
11896
52879
52873
52872
52877
52875
52874
21911
7313
53050
10881
11284
11751
16397
262901
262900
262903
262902
262905
262907
262909
262908
18547
263052
19763
262787
262786
262785
262784
262782
262781
262780
262789
262788
28670
28671
20142
262300
262307
262304
262428
262429
262422
262423
262420
262421
262426
262427
262424
262425
53218
53219
53214
53215
53216
53217
53210
53211
53212
53213
19960
18836
53058
53059
53056
53054
53055
53052
53053
53051
11993
263058
263059
263054
263055
263056
263057
263053
28370
11419
12140
21741
8167
262359
262350
262354
262356
262357
19361
23289
262839
262838
262837
262831
262830
19611
28241
28240
28243
28242
28245
28244
28247
28246
28249
28248
262673
262672
262671
262670
262676
262674
262679
262678
23128
52959
53159
53158
53153
53152
53151
53150
53157
53156
53155
52948
262737
262735
262732
262733
262730
262731
262738
262739
262721
27664
262541
262540
262543
262542
262547
262549
262548
19089
262530
262531
262532
262535
11706
53080
53083
53082
53085
53084
53086
262836
263080
262977
28160
28161
28162
28163
28165
28166
28167
28168
28169
28362
28360
28366
28367
28364
28368
28369
28645
28647
28646
28641
28640
28643
28642
14463
16735
16736
262474
262476
262471
262470
262473
262479
262478
2716
2715
53225
53224
53226
53221
53220
53223
53222
53229
53228
20116
263004
263001
28296
28294
28295
28292
28293
28290
28291
28298
28299
262316
26090
52998
52999
52994
52995
52996
52991
52993
26118
52856
262833
262832
262381
262380
262387
262386
262385
262384
262389
6543
53029
53028
53027
53026
53025
53024
53022
53021
53020
28218
28219
28216
28214
28215
28212
28213
28210
28211
262648
262642
262643
262641
262646
262647
262644
262645
8141
53180
53182
53184
53185
53186
53188
53189
27715
28591
28628
262308
262303
262848
262844
262845
262847
262841
262842
262843
27697
27693
27699
53048
53046
262534
262536
262537
28159
28158
28151
28150
28153
28152
28155
28154
28157
28156
5772
53061
53060
53066
53108
53109
53100
53101
53102
53103
53104
53106
28313
28311
28310
28315
262769
262768
262761
262760
262765
262764
262767
262766
