10704
21612
52811
52810
52813
52812
52815
52814
52816
52819
52818
52699
52698
52693
52692
52691
52690
52697
52696
52695
52694
16911
264561
264560
264563
264562
264565
264564
264567
264566
264569
264568
263038
263039
263036
263037
263034
263035
263032
263033
263030
263031
61664
61666
52789
52784
262277
262276
262275
262274
262273
262272
262271
262270
262279
262278
262302
52817
262301
52558
52559
52554
52555
52556
52550
52551
52552
52553
263489
263488
263483
263482
263481
263480
263487
263486
263485
263484
22341
28618
28619
28612
28613
28610
28616
28617
28614
28615
11497
262404
262405
262406
262407
262400
262401
262402
262403
262408
262409
61949
61948
61941
61940
61943
61942
61945
61944
61947
61946
264495
264494
264497
264496
264491
264490
264493
264492
264499
264498
262898
262897
262896
262895
262894
262893
262892
262891
262890
22133
53074
53075
53076
53077
53070
53071
53072
53073
53078
53079
262615
262614
262617
262616
262611
262610
262613
262612
262619
262618
263319
263313
263312
263314
263579
263578
263577
263576
263575
263574
263573
263572
263571
263570
6125
10417
10412
264604
264600
264602
264603
263378
263375
263374
263377
263376
263371
263370
263373
263372
61749
61748
61747
61745
61744
61743
61742
61740
52929
52928
52925
52924
52927
52926
52921
52920
52923
52922
14886
262332
262333
262330
262336
262337
262334
262335
262338
262339
262488
262489
262484
262485
262486
262487
262480
262481
262482
262483
11644
52767
52766
52765
52764
52763
52762
52761
52760
52769
52768
264418
264415
264414
264417
264416
264411
264410
264413
264412
262815
262810
262819
262818
28654
263450
263452
263454
263455
263456
263457
53007
7365
28269
28268
28267
28266
28264
28263
28262
28261
28260
262699
262698
262504
262695
262694
262697
262696
262691
262690
262693
262692
262506
262501
262503
262502
61868
61869
61862
61863
61860
61861
61866
61867
61864
61865
264591
264592
264597
264598
264599
263649
263648
263645
263644
263647
263646
263641
263640
263643
263642
262998
262999
262992
262993
262990
262991
262996
262997
23105
262995
16891
53131
53130
53133
53132
53135
53134
53137
53136
53139
53138
1916
10495
262710
262711
262712
262713
262714
262715
262716
262717
262719
263438
263439
263432
263431
263436
263437
10285
21571
21574
263142
263143
263140
263146
263147
263144
263145
22689
26592
52848
52849
52846
52847
52844
52845
52842
52843
52840
26598
263502
263503
263500
263501
263507
263504
263505
18739
262569
262568
262563
262562
262561
262560
262567
262566
262565
262564
7465
10897
52640
52641
52642
52643
52644
52645
52646
52647
52648
52649
264518
264519
264510
264511
264512
264513
264514
264515
264516
262910
262911
28188
28189
28186
28187
28184
28185
28182
28183
28180
28181
14650
13522
10362
28348
28349
28340
28341
28342
28343
28344
28346
28347
262798
262799
262790
262791
262792
262793
262794
262795
262796
262797
52565
52564
52567
52566
52561
52560
52563
52562
52569
52568
26615
26616
61798
61799
61794
61795
61796
61797
61790
61791
61792
61793
28663
28662
28661
28660
28667
28666
28665
28664
28669
28668
13878
13874
61691
61690
61693
61692
61695
61694
61697
61696
11802
11801
262826
262827
262822
262459
262458
262457
262456
262455
262454
262453
262452
262451
262450
61916
61917
61914
61915
61912
61913
61910
61911
61918
61919
53203
53202
53201
53200
53207
53206
53205
53204
53209
53208
263263
263262
263261
263260
263267
263266
263265
263264
263269
263268
13935
11271
53049
53045
53044
53047
53041
53040
53043
53042
263061
263060
263063
263062
263065
263064
263067
263066
263069
263068
28327
263546
263547
263544
263545
263542
263543
263540
263541
263548
263549
263342
263345
263346
52557
19182
13761
263384
263385
263386
263387
263380
263381
263382
263383
263388
263389
61714
61715
61716
61717
61710
61711
61712
61713
61718
61719
18479
262369
262368
262365
262364
262367
262366
262361
262360
262363
262362
52738
52739
52734
52735
52736
52737
52730
52731
52732
52733
61699
61698
262828
262829
262824
262825
262821
263417
263410
13459
28234
28235
28236
28237
28230
28231
28232
28233
28238
28239
262664
262665
262666
262667
262660
262661
262662
262663
262668
262669
61813
61812
61811
61810
61817
61816
61815
61814
61819
61818
264367
264366
264365
264364
264363
264362
264361
264360
264369
264368
264093
264095
264094
264097
264096
264099
264098
11335
11338
16594
53168
53169
53166
53167
53164
53165
53162
53163
53160
53161
264538
263308
263304
263306
263301
263303
263628
263624
52972
52973
52970
52971
52976
52977
52974
52975
52978
52979
22515
263465
263464
263467
263466
263461
263460
263463
263462
263469
263468
25832
20121
264468
264469
264464
264465
264466
264467
264460
264461
264462
264463
263119
263118
263117
263116
263111
263110
263113
263112
262323
262322
262327
262326
262823
262820
262551
262556
262555
262558
262559
10841
61899
61898
61893
61892
61891
61890
61897
61896
61895
61894
52679
52678
52671
52670
52673
52672
52675
52674
52677
52676
263638
263639
263630
263090
263091
263092
263093
263094
263095
263096
263097
263098
263099
262949
262948
262945
262947
262946
262940
262943
262942
28177
28176
28175
28174
28173
28172
28171
28170
28178
52771
52772
52773
52775
52776
19723
7890
262299
262298
262291
262290
262293
262292
262295
262294
262297
262296
262743
262742
262741
262740
262747
262746
262745
262744
262749
262748
22876
26622
262863
262860
262861
262866
262867
262864
14868
52839
52838
52837
52836
52835
52834
52833
52832
52831
52830
262466
262467
262464
262465
262462
262463
262460
262461
262468
262469
263258
263259
263252
263253
263250
263251
263256
263257
263254
263255
53087
8055
11242
17379
16685
53098
53099
53093
53090
53091
53096
53097
53094
53095
10531
264549
264548
264543
264542
264541
264540
264547
264546
264545
264544
263018
263019
263010
263011
263012
263013
263014
263015
263016
263017
52518
28285
28284
28287
28286
28281
28280
28283
28282
28289
28288
263309
263305
263307
263300
263302
10454
19200
52538
52539
52532
52533
52530
52531
52536
52537
52534
52535
28588
28589
28582
28583
28580
28581
28586
28587
28584
28585
28630
28631
28632
28633
28634
28635
28636
28637
28638
28639
61729
61728
61725
61724
61727
61726
61720
61723
61722
22092
52983
52982
52981
52980
52987
52986
52985
52984
52989
52988
19990
262394
262395
262396
262397
262390
262391
262392
262393
262398
262399
10938
52705
52704
52707
52706
52701
52700
52703
52702
52709
52708
61570
28644
28649
53012
53013
53010
53011
53016
53017
53014
53015
53018
53019
28209
28208
28205
28204
28207
28206
28201
28200
28203
28202
262585
262584
262587
262586
262581
262580
262583
262582
262589
262588
262516
262515
262639
262638
262637
262636
262635
262634
262633
262632
262631
262630
262510
262511
264358
264359
264356
264357
264354
264355
264352
264353
264350
264351
263519
263518
263512
263514
263517
263516
22706
61854
61859
61858
7063
53197
53196
53195
53194
53193
53192
53191
53190
53199
53198
263357
263356
263355
263354
263353
263352
263351
263350
263359
263358
52909
52908
52903
52902
52901
52900
52907
52906
52905
52904
264585
264584
14204
262980
262986
262318
262314
262315
262317
262310
262311
262312
262313
263582
263583
263581
263586
263587
263585
52788
52785
52787
52786
52781
52780
52783
52782
264437
264436
264435
264434
264433
264432
264431
264430
264439
264438
262871
262870
262872
262875
262874
262877
262876
262879
262878
61648
61649
61646
61647
61644
61645
61642
61643
61640
61641
262509
262508
262505
262507
262500
10875
61840
61841
61842
61843
61844
61845
61846
61847
61848
61849
52626
52627
52624
52625
52622
52623
52620
52621
52628
52629
263667
263666
263665
263664
263663
263662
263661
263660
263669
263668
263591
263590
263593
263592
263595
263594
263597
263596
263599
263598
28128
28129
28124
28125
28126
28127
28121
28122
28123
15180
13584
53119
53118
53117
53116
53115
53114
53113
53112
53111
53110
14571
28328
28329
28326
28324
28325
28322
28323
28320
28321
22548
262778
262779
262772
262773
262770
262776
262777
262774
262775
264529
264528
263414
263415
263416
263411
263412
263413
263418
263419
264522
53081
14282
16885
10733
263164
263165
263166
263160
263162
263163
52864
52865
52866
52867
52860
52861
52862
52863
52868
52869
13591
263368
263369
61637
61636
61635
11295
264572
264573
264570
264571
264576
264577
264574
264575
264578
264579
262938
262939
262937
22250
264601
263379
262268
262269
52543
52542
52541
52540
52547
52546
52545
52544
52549
52548
262706
262700
61746
61741
263498
263499
263494
263495
263496
263497
263490
263491
263492
263493
23002
22356
28609
28608
28601
28600
28603
28602
28605
28604
28607
28606
16712
262439
262438
262431
262430
262433
262432
262435
262434
262437
262436
10906
53038
61938
61939
61934
61935
61936
61937
61930
61931
61932
61933
263421
263420
263423
263422
263425
263424
53034
264486
264487
264484
264485
264482
264483
264480
264481
264488
264489
262880
262881
262882
262883
262884
262885
262886
262887
262888
262889
263289
263288
263285
263284
263287
263286
263281
263280
263283
263282
22148
262552
262553
262550
262557
262554
13914
53069
53068
53063
10670
53067
263049
263048
263043
263040
263047
263046
263045
22431
262606
262607
262604
262605
262602
262603
262600
262601
262608
262609
264389
264388
264381
264380
264383
264382
264385
264384
264387
264386
263560
263561
263562
263563
263564
263565
263566
263567
263568
263569
262512
10429
263367
263364
263363
263360
28579
28578
28573
28572
28571
28577
28576
28575
28574
61772
61773
61770
61771
61776
61777
263634
263635
263636
263637
263631
263632
263633
262347
262346
262345
262344
262343
262342
262341
262340
262349
262348
52758
52759
52752
52753
52750
52751
52757
52755
264408
264409
264406
264407
264404
264405
264402
264403
264400
264401
262808
262809
262802
262803
262805
262806
262807
262331
263532
263531
263530
263537
263535
263534
263539
28252
28253
28250
28251
28256
28257
28254
28255
28258
28259
262688
262689
262686
262687
262684
262685
262682
262683
262680
262681
61879
61878
61871
61870
61873
61872
61875
61874
61877
61876
263658
263659
263656
263654
263655
263652
263653
263650
14553
15201
19873
262801
53144
53145
53146
53147
53140
53141
53142
53143
53148
53149
52958
52950
52951
52952
52953
52954
52955
52956
52957
262725
262724
262727
262726
262720
262723
262722
262729
262728
263447
263445
263444
263443
263442
263441
263440
262817
262814
262813
262812
262811
61639
61638
27652
61633
27656
263137
263136
263135
263133
263132
263131
263130
263139
52859
52858
52855
52854
52857
52851
52850
52853
52852
26218
52592
11097
262578
262579
262574
262575
262576
262577
262570
262571
262572
262573
262319
52657
52656
52655
52654
52653
52652
52651
52650
52659
52658
264523
262967
262966
262965
262964
262963
262962
262961
262960
262968
28199
28198
28195
28194
28197
28196
28191
28190
28193
28192
14624
263333
263335
263334
263337
263339
263338
28359
28358
28357
28356
28355
28354
28353
28352
28351
28350
52966
22819
23074
26602
26607
26606
26609
61783
61782
61781
61780
61787
61786
61785
61784
61789
61788
22381
28656
28657
28652
28653
28650
28651
28658
14457
61736
11835
14840
262440
262441
262442
262443
262444
262445
262446
262447
262448
262449
61905
61904
61907
61906
61901
61900
61903
61902
61909
61908
53236
53237
53234
53235
53232
53233
53230
53231
53238
53239
53062
53065
53064
263274
263275
263276
263277
263270
263271
263272
263273
263278
263279
22177
7162
28265
263072
263073
263070
263071
263076
263077
263074
263075
263078
263079
22407
263042
263041
4230
7298
14346
18644
7738
11432
11431
52516
52517
17108
52519
262906
61709
61708
61703
61702
61701
61700
61707
61706
61705
61704
26104
26107
264590
264593
264594
264595
264596
23106
262994
262378
262379
262376
262377
262374
262375
262372
262373
262370
262371
10954
52723
52722
52721
52720
52727
52726
52725
52724
52729
52728
53039
53031
53032
53033
53036
53037
28229
28228
28223
28222
28220
28227
28226
28225
28224
262659
262658
262651
262650
262653
262652
262655
262654
262657
262656
61826
61827
61824
61825
61822
61823
61820
61821
61828
61829
264378
264379
264370
264371
264372
264373
264374
264375
264376
264377
263533
263536
263538
7048
53179
53178
53175
53174
53177
53176
53171
53170
53173
53172
52598
52599
52590
52591
52593
52594
52595
52596
52597
263331
263330
263332
263336
27724
27720
52961
52960
52963
52962
52965
52964
52967
52969
52968
61665
61667
61660
61662
61663
263476
263477
263474
263475
263472
263473
263470
263471
263478
263479
17222
264451
264450
264453
264452
264455
264454
264457
264456
264459
264458
263108
263109
263106
263107
263104
263105
263102
263103
263100
263101
262858
262853
262852
262851
262850
262857
262856
262855
262854
27682
27684
61661
27688
61668
61669
52888
52889
52882
52883
52880
52881
52886
52887
52884
52885
14026
11390
262527
262524
262522
262521
262529
262528
52608
52609
52604
52605
52606
52607
52600
52601
52602
52603
263601
263600
263603
263602
263604
263607
263606
263609
263608
262958
262959
262957
262951
28148
28149
28142
28143
28140
28141
28146
28144
28145
53030
15256
263348
263366
263365
263362
263361
263343
28304
28305
28306
28307
28300
28301
28302
28303
28308
28309
262288
262289
262282
262283
262280
262281
262286
262287
262284
262285
262754
262755
262756
262757
262750
262751
262752
262753
262758
262759
61774
61775
61778
61779
10715
20266
52802
52803
52800
52801
52806
52807
52804
52805
52808
52809
263433
263430
263434
263435
10630
18881
262526
262525
262523
262520
10688
53089
53088
52684
52685
52686
52687
52680
52681
52682
52683
52688
52689
264558
264559
264554
264555
264556
264557
264550
264551
264552
264553
263029
263028
263025
263024
263027
263026
263021
263020
263023
263022
264589
264588
52529
52528
52521
52520
52523
52522
52525
52524
52527
52526
28599
28598
28590
28593
28592
28595
28594
28597
28596
22371
28627
28626
28625
28624
28623
28622
28621
28620
28629
263605
22085
13353
13357
262956
262954
262955
262952
262953
262950
11844
262413
262412
262411
262417
262416
262415
262414
262419
262418
61950
61951
53247
53246
53245
53244
53243
53242
53241
53240
61569
61568
22128
22129
263524
263525
263526
263527
263520
263521
263523
14723
53001
53000
53003
53002
53005
53004
53006
53009
53008
13495
262596
262597
262594
262595
262592
262593
262590
262591
262598
262599
262620
262621
262622
262623
262624
262625
262627
262628
262629
263508
263509
25933
52756
52754
12136
12135
263349
263340
263341
263344
263347
61758
61759
61750
61751
61752
61753
61754
61755
61756
61757
52938
52939
52936
52937
52934
52935
52932
52933
52930
52931
26599
52841
262800
262804
262321
262320
262325
262324
262329
262328
262499
262498
262493
262492
262491
262490
262497
262496
262495
262494
52774
52778
52779
264428
264429
264420
264421
264422
264423
264424
264425
264426
264427
21506
262862
262865
262868
262869
61659
61658
61655
61654
61657
61656
61651
61650
61653
61652
263427
263426
53181
53187
263506
6505
11921
28278
28279
28270
28271
28272
28273
28274
28275
28276
28277
262518
262519
262517
262514
262513
61857
61856
61855
61853
61852
61851
61850
52635
52634
52637
52636
52631
52630
52633
52632
52639
52638
264587
264586
264583
264582
264581
264580
263678
263679
263670
263671
263672
263673
263674
263675
263676
263677
262989
262988
262981
262983
262982
262985
262984
262987
263580
263584
263588
263589
20044
28133
28132
28131
28130
28137
28136
28135
28134
28139
28138
53122
53123
53120
53121
53126
53127
53124
53125
53128
53129
28339
28338
1251
28335
28334
28337
28336
28331
28330
28333
28332
262709
262708
262707
262705
262704
262702
262701
263429
263428
22055
11896
263151
263153
263152
263155
263154
263156
263159
52879
52878
52873
52872
52871
52870
52877
52876
52875
52874
21911
7313
53050
10881
11284
11752
11751
16397
264507
264506
264505
264504
264503
264502
264501
264500
264509
264508
262901
262900
262903
262902
262905
262904
262907
262909
262908
18547
263052
19763
264517
262787
262786
262785
262784
262783
262782
262781
262780
262789
262788
52576
52577
52574
52575
52572
52573
52570
52571
52578
52579
28670
28671
21674
20142
263657
263651
262300
262307
262306
262305
262304
264392
264393
264390
264391
264394
264395
262428
262429
262422
262423
262420
262421
262426
262427
262424
262425
61923
61922
61921
61920
61927
61926
61925
61924
61929
61928
53218
53219
53214
53215
53216
53217
53210
53211
53212
53213
19960
23202
263298
263299
263296
263297
263294
263295
263292
263293
263290
263291
61721
18836
18782
53058
53059
53056
53057
53054
53055
53052
53053
53051
11993
263058
263059
263054
263055
263056
263057
263050
263051
263053
264398
264399
264396
264397
263555
263554
263557
263556
263551
263550
263553
263552
263559
263558
28370
11415
11419
12140
21741
263393
263392
263391
263390
263397
263396
263395
263399
263398
61761
61760
61763
61762
61765
61767
61766
61769
61768
26162
8167
262358
262359
262350
262351
262352
262353
262354
262355
262356
262357
19361
11592
52749
52748
52741
52740
52747
52746
61688
61689
61682
61683
61680
61681
61686
61687
61684
61685
23289
262839
262838
262837
262831
262830
14087
19611
28241
28240
28243
28242
28245
28244
28247
28246
28249
28248
262673
262672
262671
262670
262677
262676
262675
262674
262679
262678
61808
61809
61804
61805
61806
61807
61800
61801
61802
61803
23128
22745
52959
263394
53159
53158
53153
53152
53151
53150
53157
53156
53155
53154
263318
263311
263310
263317
263316
263315
52948
52947
52946
52945
52944
52943
52942
52941
52940
262736
262737
262734
262735
262732
262733
262730
262731
262738
262739
262721
264103
264102
264101
264100
264107
264106
264105
264104
264108
263451
263453
263458
263459
61764
17208
264479
264478
264473
264472
264471
264470
264477
264476
264475
264474
263128
263129
263120
263121
263122
263124
263125
263126
27664
52770
263449
52777
263448
10600
263446
262541
262540
262543
262542
262545
262544
262547
262546
262549
262548
19089
262530
262531
262532
262535
61884
61885
61886
61887
61880
61881
61882
61883
61888
61889
11706
52668
52669
52662
52663
52660
52661
52666
52667
52664
52665
53080
53083
53082
53085
53084
53086
264539
264536
264537
264534
264535
264532
264533
264530
264531
263629
263623
263622
263621
263620
263627
263626
263625
262836
263089
263088
263087
263086
263085
263084
263083
263082
263081
263080
262978
262979
262970
262971
262972
262973
262974
262975
262976
262977
28160
28161
28162
28163
28164
28165
28166
28167
28168
28169
52619
28362
28360
28361
28366
28367
28364
28368
28369
28645
28647
28646
28641
28640
28643
28642
14463
16735
16736
52828
52829
52820
52821
52822
52823
52824
52825
52826
52827
262475
262474
262477
262476
262471
262470
262473
262472
262479
262478
2716
2715
53225
53224
53227
53226
53221
53220
53223
53222
53229
53228
263511
263510
263513
263515
20116
263007
263006
263005
263004
263003
263002
263001
263000
263009
263008
28296
28297
28294
28295
28292
28293
28290
28291
28298
28299
262316
26090
52743
52742
52745
52744
61634
61632
61738
61739
61737
61734
61735
61732
61733
61730
61731
52998
52999
52994
52995
52996
52997
52990
52991
52992
52993
26118
52856
262835
262834
262833
262832
262383
262382
262381
262380
262387
262386
262385
262384
262389
262388
52716
52717
52714
52715
52712
52713
52710
52711
52718
52719
6543
53029
53028
53027
53026
53025
53024
53023
53022
53021
53020
28218
28219
28216
28217
28214
28215
28212
28213
28210
28211
262648
262649
262642
262643
262640
262641
262646
262647
262644
262645
61835
61834
61837
61836
61831
61830
61833
61832
61839
61838
264349
263528
263529
8141
53180
53182
53183
53184
53185
53186
53188
53189
52589
52588
52587
52586
52585
52584
52583
52582
52581
52580
263322
263323
263320
263321
263326
263327
263324
263325
263328
263329
27712
27710
27715
52914
52915
52916
52917
52910
52911
52912
52913
52918
52919
28591
28628
262309
262308
262303
52798
52799
52796
52797
52794
52795
52792
52793
52790
52791
264442
264443
264440
264441
264446
264447
264444
264445
264448
264449
262848
262849
262844
262845
262846
262847
262840
262841
262842
262843
27697
27693
27699
61679
61678
61673
61672
61671
61670
61677
61676
61675
61674
52899
52898
52891
52890
52893
52892
52895
52894
52897
52896
263403
263409
14030
53048
53046
263402
263401
263400
263407
263406
263405
263404
262538
262539
262533
262534
262536
262537
263522
52613
52612
52611
52610
52617
52616
52615
52614
52618
263612
263613
263610
263611
263616
263617
263614
263615
263618
263619
28159
28158
28151
28150
28153
28152
28155
28154
28157
28156
5772
53061
53060
53066
53108
53109
53100
53101
53102
53103
53104
53106
53107
264525
264524
264527
264526
264521
264520
28313
28311
28310
28315
262769
262768
262761
262760
262763
262762
262765
262764
262767
262766
263408
