58076
62084
49051
199102
51365
49243
44397
59861
59860
42036
62435
28849
31143
24659
44272
50934
50686
50685
59770
50155
57481
60389
48352
60280
60306
50532
44288
60769
56498
56497
61235
56410
24827
12406
34921
57027
60611
42496
60330
60337
24941
5498
201512
21236
59920
50334
60367
199561
51584
50770
51631
57331
47311
56740
56742
42772
21062
21305
42278
50929
60742
60743
60744
49091
35668
49526
62165
50345
50528
60770
48743
44087
61342
57568
62197
25106
57192
6697
34421
50438
35647
61277
33973
62351
50176
49711
13171
60655
28737
21274
60857
31289
44841
51276
30945
44210
20852
62170
50593
50590
48981
56920
41245
38980
50492
