11544
19394
53904
53906
53631
271
12010
54175
26567
21936
32441
31930
30336
26071
53566
46861
53564
26838
14661
31765
31760
22573
19743
10929
14304
14642
21513
30715
23034
13794
32856
19465
19467
30323
29988
19792
16569
3958
18814
7122
13901
19052
19053
16624
16623
19900
19901
40126
14525
35875
23181
25925
23457
36031
36030
14387
40409
7861
7860
4143
21722
21724
33441
36543
32762
40304
14268
29907
29909
53359
10996
33554
39964
14112
14066
6537
6539
393249
393242
393246
603
26889
40337
31851
7001
16543
19848
20010
26413
25805
15326
15322
15321
53732
53737
33329
33326
32586
40383
19935
12059
54397
32211
22684
29953
53829
31870
26321
54209
18563
40124
40001
29820
11239
46300
26802
684
25728
25722
32006
22491
21552
14651
14659
30400
30407
30409
22639
15296
15290
19341
808
803
800
806
36817
32900
18634
5664
6407
36750
16751
22995
13319
21834
29732
29731
36786
23299
26516
21987
54461
25706
23217
23214
53800
32791
32710
22165
46882
36231
27265
30028
19062
53618
32705
33044
32558
26480
18534
15160
22543
11478
20068
36068
11181
14358
13764
19234
21774
21775
36757
26686
22339
4877
14114
36510
19432
46482
1633
14254
14456
10965
7992
19016
53509
32820
36239
27272
27275
54460
14099
14098
30539
549
19608
32773
13623
26871
26872
11032
40064
25976
11700
11703
17013
30466
53390
7788
7781
14537
11489
16598
53987
33303
21659
22512
30147
25833
13810
4469
5690
46156
21548
32176
26233
26230
14014
30236
20132
22286
10678
46818
23163
11851
14086
18588
31782
40727
19728
13552
53424
5743
33017
27579
22950
47027
47023
36445
14866
14865
54191
40949
53543
22652
26546
17397
7734
4199
46915
17159
32584
30324
7442
5071
33091
33549
33541
16686
10533
32747
53403
21853
15152
15158
855
852
32453
14366
40243
21570
19202
11718
32956
19842
27256
16949
11468
14166
40007
19446
13340
22113
4475
18875
577
13966
16605
11077
53877
40029
26986
30256
25948
25946
22705
18621
8153
40424
14500
14502
19171
13851
25636
25635
33424
18988
21640
36605
611
40322
46184
11666
40688
40341
3367
22799
11105
46430
29883
26680
26687
20453
23162
27327
27324
26531
5769
5764
16523
12188
46609
32277
40028
54233
40867
22060
31934
36689
14280
14426
32517
32250
54167
54164
27628
32233
13733
21925
14472
19515
54477
32789
23237
11290
19595
17141
15102
15318
19752
46525
6241
825
822
46095
14338
20045
27584
15031
40660
26499
29711
3804
40957
16438
53265
22964
36255
33028
33474
30048
13911
19041
16944
54044
20365
3633
25914
54002
20324
17001
8104
5645
27280
33314
26155
36534
33040
35938
16796
14270
29974
3584
19952
23498
14817
14812
6509
22839
7312
26704
11033
32817
14663
1824
1821
54652
23136
25999
32756
32638
11647
40470
40473
40478
19122
16570
14968
20007
40808
27181
53414
23307
5111
5110
11522
2491
16580
36479
32881
32521
5096
29839
53589
26025
19700
54412
40571
40224
11119
30045
22873
53625
32247
27232
36369
8111
13862
12053
239
22636
22634
36493
20218
17328
30176
7456
23229
25911
11260
21804
11601
22404
36731
40820
12226
23419
36077
13773
30370
11439
1403
46737
4205
32359
13846
3411
33361
36505
19423
13360
29945
46772
26884
16462
16729
22910
23184
36205
35982
13727
22766
30529
30528
13948
13942
6579
36792
53525
35843
13441
36483
19821
25962
16475
53455
18688
26672
54359
19117
26677
16583
32241
6642
6391
53756
26221
21949
20425
11391
40108
23156
6058
29861
18451
16866
54608
54070
27340
32536
33139
31798
31790
11807
25668
32424
13864
54442
22863
25849
31914
36337
26996
30638
47035
14875
14873
54182
29773
29862
13657
30348
23252
16696
10566
12277
21813
21867
15127
15122
15128
10329
1730
36666
32941
25689
32364
14158
14152
14484
19475
21876
31983
11727
46720
46920
17023
18587
26753
36273
36181
27168
53863
18805
33007
14720
33705
11234
17266
19350
33130
53494
22457
11342
32659
20221
18638
16932
19835
16802
10400
26968
20069
32491
35964
19737
14214
36615
19167
46195
53795
53791
53792
19925
46695
32735
32489
26944
10808
3848
17120
4540
33164
33162
74
40490
13594
53661
14908
40053
40050
17358
36698
33513
23523
32209
15000
3766
7311
17331
35893
54520
18705
29810
54429
13608
53441
53442
30431
30295
35911
19764
15348
36676
818
819
812
40206
32563
32564
17371
40563
40560
23015
11628
14820
14826
11814
2735
46129
26501
21992
19968
14453
39985
46877
46874
46612
11998
53584
54058
20375
22423
3602
54453
15024
12093
35998
14444
36052
40282
40280
27299
27293
8160
19402
1624
14240
376
10972
16487
16485
11626
19875
802
36225
32100
33056
13714
30500
46478
13468
4470
4476
40119
20161
25983
30713
30507
7794
30381
19869
22505
19662
30158
25826
23373
36391
33389
10264
10265
26788
54296
29872
26206
14008
14007
27623
36522
11084
7403
19086
53714
32315
3397
53558
18968
40758
14191
53338
14442
47043
32433
23046
36452
40092
40543
30549
19928
25867
16730
16731
12021
22623
22622
26288
26281
2710
33300
23001
32738
25797
18750
30003
40915
14843
11702
11257
46959
53486
6280
11625
46626
14595
18650
2568
30180
1418
32580
32347
16414
26110
18499
6327
21793
22923
35947
47103
19915
22105
36218
40191
566
30085
46686
54081
3359
20076
46546
32678
6171
36000
36004
36008
7057
33230
40788
40438
40439
19297
32474
22532
26441
26198
32613
46477
32200
29939
13469
18721
19319
53539
32156
32157
30559
40112
31886
10865
12041
17372
12287
46383
15247
16532
46618
4055
31926
30645
13826
