11544
19394
53904
53906
46135
53631
271
12010
54172
54175
27618
54307
26567
3744
21936
32441
31930
30336
63023
55206
5057
18892
26071
53566
393445
46861
22749
53564
7940
62782
691
26837
26838
55124
14661
31765
31760
22573
4321
19743
4322
10354
832
833
830
836
837
835
838
10929
14304
53437
14642
21513
15061
30715
23034
30611
13794
32856
47046
19465
19467
30323
29988
19792
16569
393457
393614
22953
3958
18814
7122
26832
591
13901
19052
19053
16624
16623
12280
19900
19901
40126
26357
14525
35875
63068
30270
23181
25925
23457
63126
36031
36030
33209
14387
40409
40864
7861
7860
4143
21723
21722
21724
33441
36543
32762
54867
1604
40304
14268
29907
29909
53359
10996
33554
39962
39964
14112
14066
6537
6539
17353
19633
62679
393249
393242
393246
8080
62993
53339
62772
62770
601
603
602
26889
55195
40337
63350
31851
31992
7001
18686
46377
16543
19848
62577
20010
26413
26416
62717
25805
25803
15326
15322
15321
6608
55055
53732
53737
33329
33326
32586
40383
19935
12059
63019
63017
10286
54397
32211
22684
29953
53829
31870
35887
54454
26321
54209
18563
40124
11831
40001
29820
11239
46300
10568
26802
684
62969
25728
25722
53479
32006
32000
22491
26037
21552
14651
14659
30400
30406
30407
30409
22639
15296
15290
4280
19341
6191
10360
7209
809
808
803
800
807
806
805
54889
54884
40232
19797
393523
36817
32900
2704
18637
18634
36598
5664
6401
6407
36750
16751
22995
831
13319
10751
21834
7451
29732
29731
36786
63202
63327
23299
26516
55021
53671
21987
21677
16419
54461
55022
55222
25706
23217
23214
53800
32791
32792
32710
22165
46882
36231
27265
33594
30028
13937
19062
62487
53618
32705
33044
32558
26480
18534
15160
22543
11478
46289
20068
393540
36068
11181
14358
19188
13764
19234
21774
21775
63122
54929
36757
26686
22339
2651
4877
4872
14114
18475
18472
36518
36510
19432
46482
1633
14254
14456
10965
7992
19016
53612
54777
53509
32820
36239
27272
27275
54460
14099
14098
30539
542
549
6561
6562
19608
393735
62925
32773
63297
62921
13625
13623
26871
26872
14562
11037
53367
63411
11032
40064
13616
11031
25976
11700
11703
4507
4509
17013
30466
62649
53390
7036
7788
7780
7781
14537
14530
5711
11489
16598
53987
33303
21659
22512
18997
53363
30147
25833
14836
32636
7969
13810
4469
55172
55177
55176
5690
46157
46156
55288
63372
21548
54110
32176
26233
26230
4939
14014
30236
17241
20132
63033
22286
10678
46818
62726
54633
23163
11851
55144
62883
14086
18588
31782
40727
19728
13552
19894
33041
46630
53424
5743
33017
5747
62881
27579
22950
14476
47027
47023
11566
47102
36445
14866
14865
21920
54198
54199
54194
54191
20272
20273
40949
29741
29747
53543
22652
26546
17397
40658
7734
4199
46915
17159
32584
30324
7443
15044
7442
62596
5071
33091
62593
33549
33541
8187
16686
10533
32747
53403
21853
15152
15158
63159
854
855
856
850
851
852
853
32453
14366
40243
40241
21570
14811
19202
11718
32956
19842
27256
16949
11468
14166
40007
36164
19446
13340
393431
7445
7446
22113
3974
4475
36198
18875
33018
577
13966
30092
4226
16605
11077
53877
26374
40029
26986
30256
25948
25946
22705
18621
18627
8153
40424
14500
14502
19171
19286
54351
54841
13851
25636
25635
55130
62761
33424
46757
18987
18986
18988
21640
36605
611
40322
13895
46184
11666
54830
54788
62692
54783
55073
393832
40688
40341
3367
22799
40699
11105
55235
46430
29883
46364
26680
26687
20453
54807
23162
27327
27324
62666
54494
393498
26531
5769
5764
5765
16523
12188
46609
14918
40830
54899
32277
19756
5755
40028
54233
62899
54235
40867
6622
22060
31934
31931
33107
36689
14280
14426
393388
32517
46106
32250
63035
821
54167
54164
27628
32233
32237
13733
3774
21925
54479
14472
19515
54477
62560
32789
29806
23237
2767
8183
11290
19595
54574
12212
26825
17141
32069
63349
15102
15101
15318
19752
393657
46525
17154
10341
6241
6247
825
827
826
820
823
822
46095
14338
20045
7765
7928
27584
15031
393304
40660
26499
46499
13339
29711
1691
393461
3804
40957
16438
53265
22964
3059
3055
39959
55084
36255
33028
7110
36354
18446
33474
30048
13911
19041
16944
63176
54044
20365
26320
26323
3633
25914
53868
54002
20324
17001
8104
393636
393632
5645
7873
7878
26902
27280
33314
26155
36534
33040
23159
14894
35938
16796
14270
29974
3584
10980
63318
54759
32804
19952
23498
14817
14812
6509
55267
63003
46994
63001
22839
7312
26704
11033
32817
393789
14663
1824
1821
54655
54652
62742
23136
23133
25999
32756
32638
11647
40470
40473
40478
19122
16570
14968
20007
40808
27181
53414
7271
6987
54915
25819
23307
54910
5111
5110
55016
55017
62623
55019
62525
11522
2491
2919
2493
2492
54131
54133
7277
16580
32191
36479
32881
17181
32521
7398
5096
4495
29839
11175
55166
55162
53589
26025
30414
15287
15283
19700
54412
6219
40884
40571
40224
11119
30045
6463
22873
53625
4603
32247
27232
36369
8111
13862
13861
12053
239
10747
20291
22636
22634
26523
36493
20218
17328
30176
54587
7456
7454
23229
30017
25911
36137
11260
21804
19561
11601
32545
32095
22404
36731
40820
12226
23419
7299
10570
63278
36077
19190
33602
393595
393598
13773
13770
5788
30370
11439
19220
62824
63155
26932
1403
46737
4205
32359
13846
3411
33361
14102
55101
36505
30684
19423
13360
1645
29945
46772
53672
26884
16462
16729
22910
54760
54764
23184
3993
36205
35982
13727
22766
30529
30528
13948
13942
6579
36792
53757
53525
35843
13441
62470
36483
19821
53999
25962
3812
11103
63367
16475
53455
18688
21533
26672
54359
19117
26677
16583
7826
32241
27546
22520
55053
63419
6642
6391
6638
53756
53349
26221
26227
21949
20425
11391
13705
54487
40108
23156
33610
6058
29861
18451
40104
54958
10856
16866
54608
54070
27340
32536
33139
31798
31790
11807
33280
25668
13561
32424
7249
13864
54442
14933
54527
22863
25849
31914
36337
26996
30638
54254
47035
10712
14875
14873
54182
29773
29862
13650
13657
30348
393733
23252
10687
63359
16696
10566
12277
10520
21813
32598
21867
26856
15127
15122
15128
11453
10329
847
846
845
843
849
1730
393653
19276
54605
36666
32941
55220
25689
32364
55010
14158
14152
14484
54937
19475
21876
23107
21671
31983
11727
46720
46920
54738
17023
46926
18587
26753
36273
36181
36186
27168
53863
18805
18801
33007
14720
33705
30068
11234
17266
55254
19350
33130
53494
22457
11342
23195
23197
829
828
32659
62686
20221
18638
16932
40416
19835
16802
12132
10400
21738
62875
26968
20069
32491
35964
19737
6996
58
857
14214
36615
19167
46195
55003
53795
53791
53792
63408
19925
7242
39951
40332
17198
46695
32735
54916
32489
11079
26944
10808
55185
54320
3848
17120
4540
27312
33164
33162
33169
74
40490
15194
62939
13594
53661
62563
10482
14908
63170
54658
25872
40053
40050
17358
36698
393659
40611
33510
33513
63004
20237
23523
32209
15000
3765
3766
7311
17331
35893
54520
18705
29810
54429
7186
8013
13608
16395
11991
63272
53441
53442
30431
30295
35911
54368
19764
15348
36676
818
819
810
811
812
40206
32563
32564
17371
55275
22832
55271
40563
40560
23015
393468
11628
12070
14820
14826
11814
2735
46129
26501
27381
27380
21992
19968
14453
39985
30580
7100
46872
46877
46874
11435
19075
19696
46612
11998
62497
53584
53583
54058
20375
393686
33256
62919
22423
22424
3602
3609
54453
15024
12093
35998
14444
62758
36052
40282
40280
63134
62840
62845
62846
27299
27293
40392
8160
46541
19402
8165
393712
40291
1624
14240
19789
376
10972
16487
16485
11626
19875
802
63300
804
36225
32100
33056
13714
30500
62589
46478
13468
7307
4470
4476
40119
20161
53319
63403
25983
22748
30713
30507
7794
30381
19869
32435
22505
32387
19662
30158
25826
25827
25820
23373
36391
36648
54643
5688
33389
11510
393755
54875
54877
62962
62960
62967
10264
10265
63385
26788
54296
29872
26206
14008
14007
27623
36522
7383
10626
11084
7403
7402
19086
53714
7950
32315
53615
3397
53558
27367
18968
40759
40758
14191
53338
7885
14442
46641
47043
13872
393504
54980
32433
54982
23046
22393
19566
16995
36452
53356
40092
40543
30549
19928
6422
25867
16730
16731
12021
63076
63074
32500
22623
22622
26288
26281
2710
33300
23001
32738
25797
36125
36122
18750
30003
40915
14843
23471
11702
11257
46959
53486
21564
25749
63396
3672
6280
11625
46626
14595
18650
2568
30180
1418
32580
32347
16414
26110
14177
18499
844
19450
6327
848
21793
393424
4919
21652
22923
35949
54718
54719
35947
47103
19915
22105
36218
18868
40191
566
30085
62466
46686
54085
54081
32716
22476
393217
3359
3823
54353
20076
46546
32678
6171
17136
36000
36004
36008
7057
33230
40788
40438
40439
40436
19297
32474
32473
22533
22532
26441
26198
32613
19614
30396
46477
22372
32200
29939
13469
18721
201525
53405
19319
11670
54826
53539
32156
32157
54672
30559
40112
63286
63052
31886
10865
12041
54614
62706
17372
25790
12287
46383
33105
15247
16532
46618
13571
63213
63392
32557
32555
393607
4055
31926
30648
30645
62752
13826
