50415
60016
57086
57081
59950
6775
6776
6772
201891
42810
42814
44227
41547
41549
44919
60785
20868
42173
29356
21405
35054
198433
50849
43107
197439
60420
34288
51163
15361
57559
50110
50117
44990
47946
39132
12755
12750
13154
15796
197584
42917
51820
39750
15479
43183
43189
42639
57987
50350
49942
198366
199229
15675
33998
31592
201199
16133
199662
34438
50262
513
48468
48461
8667
60199
21217
198175
31141
51760
51768
202229
12651
13219
44620
15585
25031
199403
9042
9044
50609
41386
41655
8231
8237
8235
60545
51395
47419
44273
12553
16079
201436
43696
42128
48789
8833
48540
8703
48849
16221
60478
48060
31544
39040
62320
197988
25375
52150
43800
4428
4429
4422
4423
4420
4421
4426
4427
4424
4425
60225
60221
6730
42438
6732
48258
29500
3094
3095
3098
28928
60384
15398
198331
5426
28749
25435
41590
34893
12799
47337
39166
201384
201383
21124
200167
49429
3334
34617
47109
42570
196618
44361
8408
8404
60843
198172
197763
3108
3109
3104
3105
3106
3107
3100
3101
3102
3103
44166
197061
8247
197066
201590
12342
12347
44445
59741
31662
34101
196620
196621
201870
51934
43393
199642
48776
8801
8802
8803
56728
8556
41111
1297
198302
34554
200949
39018
15432
52166
15716
34182
35276
30973
41521
21466
8883
48482
196810
198808
51852
28916
43291
49071
43127
43122
58299
34261
39865
199243
196960
201134
198025
50136
199868
12776
41939
50734
31124
29617
60486
48307
8453
25091
25090
20914
47538
41632
16114
16111
50201
35495
39440
199376
43572
43577
8640
52089
21232
199637
49497
29691
24674
35518
42389
41872
44601
61144
9060
9062
199811
44888
44885
201662
62078
59926
35206
41577
20890
20893
42491
196651
35240
34310
20700
8729
51817
199175
199178
34290
41326
33965
47584
59758
25353
199225
29058
31052
31051
39640
9108
9100
9101
199511
15462
60364
42629
29222
28686
61190
25598
59449
2047
57502
15661
47506
48126
50185
199819
197312
201365
43549
200109
61309
28874
25164
49446
198249
38940
56743
41438
30727
47299
39265
59414
21069
56554
199802
44147
41666
29416
60550
42706
9214
12368
49837
44469
44468
62044
61098
3089
3088
3085
3084
3087
3083
35603
59810
59812
196663
48795
8821
35097
25289
24889
199302
61174
42662
13283
59622
43141
60467
48052
29296
34532
35663
25563
35610
33958
39381
39037
42784
49520
49525
29641
60059
35256
4419
4418
4417
4416
4415
4414
4413
4412
4411
4410
41503
39616
47908
21190
199387
44038
41715
12429
48834
60190
60390
59891
3414
3415
3412
3413
42079
48977
48971
60633
35396
34781
199843
200173
41913
20641
21254
21253
199567
199562
199563
60311
49983
13250
29430
20932
198534
201840
47617
15576
15575
8271
198738
12333
12490
49869
49865
49867
51688
31004
12511
39932
29321
51807
198905
198908
25275
33792
47176
31424
48885
199193
16267
58260
202039
202035
202032
5622
200951
21102
50405
57676
57678
201882
51873
44238
41555
39624
42168
198165
48218
44573
39544
48800
48804
50837
49043
20560
48027
8938
61287
15532
2027
201028
42085
61048
61042
199092
49237
35406
41264
42476
197827
198483
197996
41766
41768
43195
48318
13267
59824
60804
24951
24952
15600
47649
201713
201505
42760
34429
201344
201345
20612
201837
28859
202194
57118
16311
60728
12649
21047
21040
198385
51877
44635
59647
25021
31271
41396
44879
201586
200985
200987
12387
13030
51529
6837
34146
35231
41562
42155
29378
21421
8843
31741
21436
48857
21269
34514
202088
62355
44776
59761
25342
30934
30935
50170
197380
4430
41294
41290
39677
202123
35034
62139
41482
41481
60374
34960
42059
201943
199047
197689
198797
48138
25420
47302
51889
50997
61339
6893
49457
199587
199003
3303
29383
29655
24585
42978
41408
47803
2612
9025
43906
199417
15517
47639
12350
39409
3092
3093
3090
3091
3096
3097
3099
31097
8652
202182
201458
196617
48766
25298
57467
57465
199334
33845
33849
47194
43477
57859
20743
57853
8493
57260
16242
8243
201621
200979
48681
43828
4408
4409
4405
4406
4407
5398
39607
12786
8302
8300
31736
39296
201235
42346
15420
43284
43136
201245
57957
29260
49935
49938
51423
43735
48983
61970
5529
31030
31356
41906
60129
199554
3086
24603
39764
12928
198648
51450
44690
44346
48590
48599
15623
197742
41622
41623
15547
35635
29097
3291
57370
47469
6898
39457
8659
21222
49489
60704
48288
48751
56803
199661
35507
12623
12620
8758
50766
30862
21273
9096
9092
20988
20984
198326
34578
197525
