21614
20256
52341
25718
17147
28059
16990
52267
27943
27946
6535
28106
7004
20015
22047
20191
27995
26610
28060
52313
52315
27899
27897
16849
262167
14117
14259
27965
7993
6471
27732
27735
27918
27911
27678
27677
27676
7418
22661
52368
262155
16629
52246
52248
27701
27925
13424
28120
27986
27838
28047
28044
27978
27979
28116
15208
14966
23140
27659
27651
26604
16742
28091
28096
28098
28099
52306
13774
21765
11340
52226
27909
27904
27901
27680
21753
22860
27766
52353
21862
27853
27856
52252
19338
27952
17126
13381
26048
28077
19077
27888
27880
52280
16874
27746
15311
18941
6429
10778
27874
27963
27962
18492
16471
52230
52234
27931
16780
