17257
21614
20256
263173
263237
52460
52341
25718
17147
28059
263728
16990
52267
52265
27943
27942
27946
6535
19632
61459
28106
7004
20015
22047
52452
20191
52396
27995
262240
26610
28060
52313
52310
52315
27899
27897
16847
16849
262167
14117
14259
52489
27965
7993
23488
6471
27732
27735
52407
27918
27911
27678
27677
27676
7418
1296
22661
262233
262237
52368
262155
262153
16629
263700
263702
52246
52248
27701
27925
13424
28120
27986
52479
52478
263208
27836
27838
6240
28047
28046
28044
18822
20361
19411
27978
27979
4995
61466
61460
28116
15208
14966
23140
27659
27651
262224
26601
26604
16742
28091
28096
28098
28099
52305
52304
52306
23416
19196
13774
19228
21765
52494
52497
263184
263688
263681
263682
11340
52226
52411
27909
27904
27901
27680
14795
21753
22860
27766
13643
52353
61492
21862
27853
27856
14318
52252
27776
19338
27952
262213
61444
61440
17126
14560
52441
13381
263214
26048
262256
262251
28077
22975
19077
27888
27880
52280
52282
16874
27746
27741
52439
52435
15311
18941
6429
10778
28082
263249
27874
27963
27962
262228
262147
26119
18492
16471
22924
263711
14708
52230
52234
27719
27931
16780
28319
