58461
38564
18022
24575
17962
24444
56019
9809
45888
24376
55786
17896
7638
17816
17633
17638
56119
4611
58448
56040
24495
18344
37981
9929
4789
55956
4847
17457
4538
45866
17785
17739
24059
24400
24547
23910
23911
17428
24460
55743
9298
10212
17883
132203
17772
23650
198364
45587
4812
17923
133219
55468
24489
17672
7497
23724
38027
17442
4859
18118
4839
4815
4835
4837
23839
18011
55439
17490
4843
38019
38834
7576
38587
38208
23771
55721
24348
4808
4809
9401
38283
9808
24311
9535
55515
9939
4134
