24144
24145
131311
131319
58461
38564
18022
24575
59201
55877
58962
132128
133465
17962
133118
133111
38035
132551
24444
56019
58628
24133
9809
45888
7549
7547
10206
24376
55786
58879
17896
7638
17482
58466
3717
133511
17816
63936
131469
17633
17638
56119
56116
45056
4611
132501
55739
55883
55886
58448
63828
56040
56044
38745
132437
132886
24495
17799
18344
133952
133492
56127
45798
37981
55641
37988
17735
131335
9929
58908
4789
55956
4847
17457
56230
58981
4538
45861
45866
58548
58827
132446
132511
17788
17785
132176
59384
17739
56176
24059
131132
38335
24401
24400
131307
131300
131301
63918
24547
23707
133475
133478
23610
23910
23911
3460
55937
17428
24460
38270
131481
55743
45275
38824
9298
10214
10212
17883
132203
17772
45567
56187
132525
24301
133508
133503
132153
23650
17620
17629
198364
56314
132510
45587
4812
4811
45746
56292
17923
58412
58410
58417
58415
63833
63831
63836
63835
63838
133731
10122
133219
56053
55468
55466
55461
132154
24489
45576
18238
133558
133056
17672
58888
4659
7497
4814
131325
131326
58563
23724
55849
58517
133865
4798
4799
59223
131192
38027
17442
133626
63810
4859
18118
59296
59293
55929
4839
4815
4835
4837
132478
45256
58769
23839
18011
132147
55439
17490
133527
131456
4843
58536
58991
59265
9388
38019
38834
7576
38587
38585
38208
23771
55721
131233
24348
4751
63856
4808
4809
7692
9401
133033
17997
38283
56279
9305
9808
9800
45490
24311
24310
132617
45120
55826
133373
131449
17655
9535
61223
58539
63530
55515
17798
9939
132719
132366
9721
37936
59377
58811
58741
4134
133194
56282
133774
