52464
52467
262929
262928
26061
14664
14759
7087
52269
27941
61450
61457
61454
14970
52456
21578
26596
27817
27810
262245
26619
26611
18678
262163
262160
52488
27992
263195
263191
263199
7997
27731
27670
14867
262236
23246
8054
27845
262214
22368
262158
28039
263705
13489
15066
8163
10502
52247
262930
27921
20244
263202
7199
7195
8026
27831
27837
262260
262261
262263
27763
52330
52334
52335
52272
27758
27753
11581
61467
61463
61469
262186
10299
27650
262226
262220
8096
26603
26605
14187
27798
27864
19429
28013
27989
16663
7984
10620
263680
3816
27721
263719
19731
263227
27852
27855
263731
22453
27975
52258
52256
27951
262215
61446
22698
7315
263210
27805
27803
28070
3603
27886
14080
14084
5722
11237
262191
52434
27663
7953
10691
28085
28083
7157
8065
18869
263691
27937
27695
27698
11053
7437
