8544
30916
58181
43024
24655
41657
51530
198943
16229
49338
198686
47760
5425
5504
61327
197374
43644
61178
57297
197648
20842
25195
29186
198028
41250
62184
58326
60696
3268
47471
24672
59655
196992
198336
31016
197268
15805
61067
202117
44060
15666
199206
199598
51775
199414
197626
35358
35432
51606
201534
6866
43388
62274
35634
48623
197785
201789
202232
51228
60039
9139
196676
41697
201444
25425
196736
50996
61107
197792
201860
56810
199741
62175
201241
39935
50233
48285
49647
29442
198858
196984
61210
