40964
35214
50037
44424
34047
34040
34049
42995
50301
197197
56624
33919
25321
57007
56973
42896
47949
5578
57707
196873
197059
44070
28972
48364
48091
48098
47493
43614
28905
50015
38952
25234
25238
47868
30738
31461
47131
49671
51210
51211
25036
196735
51968
29583
50097
20723
49085
49334
29134
51154
39817
33943
48661
50442
52154
30928
50163
47913
5588
50765
196843
52058
196845
47767
51448
198605
196746
50356
51400
57523
48960
197698
197694
50250
41591
57572
15935
21241
196684
196687
198103
49997
50533
198171
196965
197083
198725
57399
34100
57158
197550
51800
34692
2571
48574
44672
48890
51105
5610
49542
49890
28892
196815
25192
50825
198657
51180
29113
198027
47965
48405
57188
198494
49417
49418
25093
15614
197798
6881
52084
197565
51744
56936
51234
197376
49359
31246
21045
40977
50427
52130
43866
196764
16019
196653
34315
35046
35592
56442
57798
33883
20708
20701
42306
57919
51177
25512
49510
41046
197393
21142
196861
197029
35361
44065
47749
49025
198621
49978
48085
48086
2819
51463
57508
34971
43037
57077
47317
43541
43542
48451
51902
50022
50025
24641
196762
42969
47122
196943
9053
6679
49832
49839
15741
56907
6706
43895
28851
35096
197218
41824
57279
49320
196789
196782
196786
50698
50695
47909
198813
44546
24806
197013
197019
41711
50348
39307
43709
43708
42078
41030
198002
50714
197879
197875
52029
34080
49985
196978
15425
56508
29086
51891
50975
50971
51801
56717
35613
39791
39790
43413
57287
57288
9080
50398
44430
52115
198161
198167
48268
198403
34070
44002
48802
48298
15685
43757
51357
51351
56360
51727
51655
47951
39121
42477
12767
57191
57194
197046
42908
51449
39235
34955
42000
28725
48926
48474
52092
21205
49465
57800
2852
41453
41456
29148
49580
13036
51524
51525
51382
35236
56827
20884
34302
197277
197895
56456
56450
51841
47232
48780
21430
50869
198346
50321
49506
44770
44489
50174
197296
47924
43355
197815
34222
50497
15380
48959
50248
50245
50241
197307
25424
39904
39906
51884
51025
15494
47114
41670
8251
197920
56562
56566
39408
42269
42847
12570
49101
49106
30877
50899
51278
16246
49313
51134
25553
39392
49889
8518
52176
6740
42189
50073
48494
196822
47269
57566
57560
8913
49931
197144
51428
51427
51420
5407
43070
198031
47727
43507
49767
48417
197846
34093
39761
30764
47834
43203
24971
41088
44104
50491
197353
39453
57564
197444
197442
198284
198282
51731
25248
51245
56891
196849
