199059
62083
40964
35214
50037
44910
42174
198991
57780
44424
34047
34040
34049
201179
42995
199101
50301
197197
56624
33919
200070
44712
25321
57007
56973
199711
42896
47949
5578
44500
57707
196873
197059
44070
28972
48364
48091
48098
197786
199220
201966
199803
57325
47493
43614
60732
198250
28905
50017
50015
197286
38952
25234
25238
47868
30738
31461
47131
49671
197566
61123
51210
51211
25036
196735
199405
39896
201648
51968
51961
29583
50097
34371
47200
20723
49085
49334
29134
51154
39817
202073
33943
48661
201514
50442
199722
52154
59984
30928
50163
47913
5588
62159
50765
56427
57779
196843
52058
196845
60143
59825
47767
201263
51448
198605
196746
50356
51403
51400
57523
201934
48960
197698
197694
60647
50250
3234
41591
57572
62403
62405
15935
21241
196684
196687
15485
198103
49997
59681
50533
198171
196965
199298
197083
198725
62395
56516
57399
34100
201464
57158
197550
51800
34692
61409
2571
48574
44672
48890
57294
51105
47681
201633
5610
49542
49890
59970
28892
62102
8316
24828
196815
25192
50825
198657
51180
200059
29113
198027
47965
48405
61370
57188
198494
49417
49418
25093
198510
15614
201987
197798
6881
56988
52084
199630
197565
61437
51744
56936
51234
197376
49359
31246
201594
21045
40977
50427
52130
201727
59925
43866
196764
16019
198143
196653
34315
35046
35592
56442
57798
33883
198420
201163
20708
20701
42306
199176
57919
34293
51177
25512
49510
41046
51371
56344
197393
21142
201475
196861
197029
197026
35361
62176
44065
47749
49025
198621
49978
49972
48085
48086
2819
51463
61195
61192
57508
34971
43037
57077
47317
43541
43542
48451
51902
198248
50022
50025
24641
196762
42969
47122
60086
1902
61110
196943
9053
6679
199806
60275
201654
49833
49832
49839
201187
15741
56907
6706
43895
28851
35096
197218
198953
57472
41824
57279
49320
199490
58239
196789
196782
196786
197451
50698
50695
57904
202066
31559
47909
60218
198813
44546
62160
198814
24806
197013
197019
29525
41711
201007
50348
201548
39307
43709
43708
42078
201922
201926
41030
61985
61981
198002
28755
50714
197879
197875
52027
52029
198212
34080
201761
49985
196978
15425
56508
201533
29086
62011
60529
51891
50975
50971
199657
197542
59479
51801
198668
61416
56717
35613
39791
39790
43413
8747
61169
57287
57288
9080
50398
201608
200957
62099
62092
44430
60931
52115
60266
198161
198167
62115
197246
196804
48268
201476
201477
198403
34070
44002
48802
48298
15685
43757
201559
51357
51351
61047
56360
51727
51655
41267
47951
39121
42477
12767
57191
57194
197046
42908
201730
201732
59826
51449
39235
59871
34955
56549
198564
42000
28725
48926
199019
48474
202193
52092
21205
199604
199607
199600
49465
60727
57800
2852
41453
41456
61166
202237
29148
201671
199519
49580
13036
51521
51524
51525
51382
60960
35236
56827
20884
48228
34302
197277
197895
198977
56456
56450
51841
47232
48780
21435
21430
50869
197412
198346
50321
202084
49506
44770
44489
50174
197296
197299
47924
43355
197815
57760
57496
34222
50497
15380
48959
43043
57069
50248
50245
50241
197307
25424
39904
39906
200114
51884
51025
49459
15494
47114
198882
196952
41670
8251
15512
197920
200155
56562
56566
39408
42269
42847
12570
201457
49101
49106
198101
30877
61371
50899
51278
16246
49313
59552
57823
51134
25553
201625
39392
49889
8518
52176
199350
6740
60208
42189
50073
62178
48494
196822
47269
28904
57566
57560
59888
8913
49931
197144
51428
51424
51427
51420
5407
43070
60592
198031
35420
47727
43507
49767
48417
197846
34093
34095
201228
39761
30764
47834
43203
24971
198500
202131
41088
44104
50491
197353
39453
57564
197444
201813
197442
197575
198284
198282
199665
61425
51731
25248
59664
51245
199180
56894
56891
3160
196849
