13054
40967
12830
8549
48918
57667
57087
57089
43850
43857
44225
44229
12581
12586
12584
16001
51922
48200
9197
29358
29354
35053
197252
57437
33896
33891
31498
12466
12467
12460
29259
34289
59507
50307
51160
51167
15817
15368
15363
15366
31517
31518
39077
44716
51364
25325
15709
56357
31078
198041
42698
42699
29042
30915
35292
47369
39138
42464
12759
12751
12288
21150
49739
13157
20686
8375
8373
51087
15790
24845
24844
24840
196870
196878
51827
28979
43186
198635
8940
48360
48097
2861
35151
28693
28694
196932
198570
198573
31596
6685
6687
34439
34432
28714
197322
24764
3247
47491
35803
8648
13148
41958
15943
15945
197509
29671
29670
31147
24657
33824
33828
47138
12657
12655
21059
49676
29471
34982
51215
25039
25038
24926
52012
20974
197711
30834
12371
12374
12379
51538
8576
8578
35749
25489
25481
25486
57433
34172
34171
35227
42821
50933
16072
16075
29367
57879
34372
197202
197208
57407
24898
47208
43455
43453
43450
48543
48545
12676
57243
49081
43155
43150
35675
35679
51483
25579
39257
41307
15446
12638
30742
33944
33940
197984
49274
41514
44946
44949
15753
43341
6733
34701
6735
20830
13101
29507
24818
198446
197008
34031
41720
48355
42605
8972
197127
29252
34586
51402
51401
24993
34919
15644
3184
40999
5427
20588
12431
29505
198018
34793
28748
25432
39913
34899
34895
5501
31371
12726
41961
41964
41969
21192
62407
13184
13187
20653
50629
15933
51057
51053
51058
16356
16358
21247
199578
198225
29624
29627
41412
39702
39706
12907
15489
15486
47815
43483
12680
21080
21083
41886
28932
44365
8405
196968
198521
9033
196731
6659
43978
16148
42725
12348
34460
35739
57395
34813
15763
47444
47446
47447
56737
24590
42873
42879
50905
43397
197558
20512
48778
29339
29333
8804
8805
25260
56722
33873
39209
31438
20755
48572
44673
8481
8489
25063
25068
29105
31572
12853
12857
50472
47717
12422
57684
44207
41527
44973
44974
16024
20849
42197
42196
8881
20595
48269
13135
13130
13132
48484
48483
51795
8319
56411
47487
24824
196817
196819
39538
31705
47274
44018
12404
50824
43292
42652
198656
48039
8925
24786
33933
34928
15698
39099
43722
44194
48991
51340
25302
49220
198026
48175
48173
34764
50132
42281
42283
47340
47347
197160
39115
8673
21173
49756
41934
29551
8391
52001
31103
13270
44355
8454
8450
50508
35684
24940
20918
15613
39363
39367
198264
41637
47670
8292
15550
12316
12312
34457
197346
197347
197965
31636
51978
20621
15960
8649
15968
28828
12531
16091
16097
52088
21235
21234
49499
49494
49490
49492
34646
196636
24679
35515
25254
57892
47846
33808
31400
21352
21032
49651
58129
20783
29454
198599
9063
9067
9066
20995
198332
198333
31589
31243
34564
34568
12643
44880
12399
13040
13043
13045
40976
40971
12808
6805
34154
35207
35205
35208
6786
12470
6878
43329
20899
48238
9182
9183
9188
9189
29341
21413
8859
57984
35044
197269
33882
31481
44335
16202
16205
57222
34296
50332
56633
51176
25516
39835
39836
31529
31521
15372
41040
44499
12888
12886
197729
51379
51378
34483
31054
31055
41286
41289
42886
12748
12298
12292
12291
20810
13167
44510
60169
24874
196868
35366
57154
44066
15465
42596
29224
8956
48088
29488
29484
34213
51467
8208
42025
197095
51919
43033
21382
21385
50189
25415
25411
25419
3257
39491
31399
41941
20676
20677
51906
28876
28879
25167
16378
24640
38948
38943
196763
42965
41431
47877
42777
30721
31450
47295
47297
42513
12664
12665
21063
49609
13201
8561
8560
29404
29408
8792
8793
8794
8422
35776
24939
24933
29494
50611
43910
43911
8222
8223
15506
9175
9211
12360
13012
13010
197938
197932
6833
15726
48823
34839
34834
15747
15743
31056
34161
200187
42274
58149
60294
20535
29316
29317
8823
8820
35548
24884
47215
13289
198818
49092
197471
29298
34531
50696
24766
51127
25560
15854
33950
15580
31550
39380
39035
39036
49523
50458
50455
31025
35258
21499
41504
44951
21198
21197
20825
41998
44545
13115
42486
31722
31723
34009
31184
31186
49791
6907
6900
48835
50800
34247
34240
197157
57533
57537
34906
5430
43066
21355
21358
48153
48154
35391
35395
29008
34788
28753
28759
25440
3209
41587
41585
41581
5409
5539
31348
31342
39170
20647
20640
29570
15904
15909
49435
3320
34086
31100
34624
50050
12931
12936
30774
47826
47825
12693
49639
48328
13251
57037
50524
196714
24961
9007
196611
12964
12440
44177
44178
197071
20488
12337
12331
29083
35701
197365
34868
31614
31007
42249
49024
12510
12512
15779
50978
1898
197549
197540
48290
20561
198296
24694
38914
56719
25276
25279
39795
33861
50343
12611
41814
20765
41108
8741
25074
9083
198311
29178
34549
34548
51114
41699
41698
15866
47696
44438
50407
52113
57838
57094
197659
56863
35265
30962
44231
28801
12595
12598
43305
9163
42166
8875
21473
21476
35062
35065
197242
56505
21461
21467
20594
25181
42366
44003
12413
50832
45012
8937
34276
51191
25538
39852
44700
198205
197063
16188
57014
52199
61955
49234
56942
29037
31333
31334
47372
39123
39129
21161
57443
35321
41926
20694
8360
8365
25109
25102
57190
197593
197041
197043
197047
35309
30889
34173
12941
28961
49957
13261
8442
24956
196922
12610
34953
33980
33984
33988
39373
5464
48925
16108
16107
12306
49855
49854
21501
197334
57353
3278
47488
31047
31049
15434
43566
42215
50943
57115
16313
16316
21207
49464
2857
34381
34386
38925
38927
25220
42537
20795
20792
20791
51871
50575
35704
51224
197491
31276
48785
29145
29141
29140
41399
41391
8204
25081
13039
13031
51527
12817
12816
12813
8569
197915
57607
15722
15725
47409
9135
16068
20886
20880
29373
34309
29515
42311
8735
50867
16212
16218
197413
197414
21263
50324
28674
28676
35643
51496
680
25504
15838
31530
13301
41052
29394
12898
12897
51302
21336
198064
29066
34496
34722
6710
50179
41298
197297
43354
9136
20805
29510
8687
35039
8351
8354
24861
24860
24868
49294
12822
47777
15415
15417
49034
48344
45049
45047
29239
29236
34225
35170
51417
24989
34966
15657
15388
40988
48951
56532
56919
48139
48132
34419
28731
25423
41213
5517
47309
39151
12731
12732
57373
43536
15925
28864
25157
16360
16365
197524
29380
24582
50034
24639
24635
24637
24632
51839
15495
15492
15499
42562
42691
13232
13233
13237
29413
24900
24909
196954
9020
9022
197777
31285
31288
6666
44156
44152
15518
42442
16151
16152
12355
44450
13003
35724
35721
34807
15752
6595
31671
47431
47432
47435
34115
31098
56876
44298
42840
12579
12571
12574
56813
42102
29308
34685
25295
25291
8879
8878
33846
33843
33848
30791
47195
39218
20740
41163
41162
41167
1754
57855
8767
8763
8495
25058
25054
20572
20570
48049
34520
196624
24773
57821
51137
41365
15844
15594
15598
5605
49552
49885
13083
8519
12843
50462
50469
25394
197639
197637
34191
34193
30941
50145
35244
35242
50143
44215
43585
9145
42184
20855
50076
8893
13125
13128
35003
8303
50441
24836
24833
31735
34011
34015
34014
39290
47261
31197
44023
41705
41707
41700
47700
28902
12437
43282
45031
34256
29192
49932
50372
35618
57548
57549
15451
12480
15456
12485
47543
49275
42063
5401
8590
197164
49216
29014
29010
29018
51673
3211
5520
5521
31352
39100
6724
43509
43503
29562
29560
197841
25128
34090
35324
50061
35329
24606
38988
12923
30766
13247
13246
51861
57974
8469
24978
24973
20902
20901
198506
197745
9099
41086
41629
15540
44817
44819
49296
12329
49871
197975
28918
34878
47462
34125
34124
34127
35833
28940
20633
50964
12502
16084
43628
43623
48284
56801
30825
29686
29682
35501
51733
25245
33814
33810
33811
39227
12625
21026
21024
198139
43421
20775
20773
48519
51242
16277
51862
20980
56896
31259
197473
198218
15894
15896
5630
