13058
13054
62088
62086
40967
12830
8549
48918
57667
57087
57089
6814
43850
43857
44225
44229
12581
12586
12584
16001
60254
60251
51922
48200
9197
29358
29354
35058
35053
197252
198996
57437
33896
33891
31498
201173
12466
12467
12460
61957
199104
29259
34289
59507
50307
199928
51160
51167
201222
15817
15368
15363
15366
31517
31518
39077
60997
48655
44716
41078
51364
25325
15709
56357
31078
199714
198041
42698
42699
29042
30915
199876
199877
35292
202108
47947
5579
47369
39138
42464
12759
12751
21158
12288
21150
49739
13157
20686
29532
8375
8373
8379
51087
15790
24845
24844
24840
196870
196878
59867
51827
51826
15477
28979
201729
43186
60351
198635
57989
8940
48360
48097
2861
35151
28693
28694
196932
198570
198573
33995
31596
42034
6685
6687
201962
201963
199424
5475
34439
34432
28714
197322
24764
3247
47491
202186
35803
8648
13148
41958
62434
15943
15945
8665
61310
61317
199610
197509
58346
29671
29670
31142
31147
24657
38953
33824
33828
47138
12657
12655
21059
21053
49676
58106
29471
34982
57739
51215
25039
25038
24926
52012
20974
197711
39892
34396
30834
200998
12371
12374
12379
13020
199880
51538
51531
8576
8578
35749
60979
25489
25481
25484
25486
200032
60025
61162
57433
34172
34171
35227
42821
50933
16072
16075
201438
198123
29367
57879
34372
197202
197208
57407
24898
24899
47208
201543
202208
201142
43455
43453
43450
20727
48543
48545
12676
57243
49081
43155
43150
57939
61244
35675
35679
51483
25579
39257
41307
15446
12638
30742
202077
33944
33940
33949
59775
197984
2778
2779
2773
2774
2775
2776
2777
52158
49274
41514
44946
44949
15753
43341
6733
34701
6735
9126
20830
13109
13101
29507
50768
196840
24818
198446
197008
201232
34031
41723
41720
49009
48355
42605
8972
197127
29252
34586
51402
51401
24993
34919
15644
3184
3186
42045
200081
200086
40999
5427
20588
61994
12431
60640
29505
198018
34793
28748
25432
25434
39913
34899
34895
5501
31371
12726
201385
43524
41961
41964
41969
21192
62407
13184
13187
20653
8638
48433
50629
15933
15938
51057
51053
51058
16356
16358
21247
199574
199578
198225
29624
29627
24623
41416
41412
39702
39706
12907
15489
15486
47815
60305
47108
43483
12680
21080
21083
41886
196610
28932
62216
44365
8405
60845
30878
34357
196968
199294
198521
9033
9030
196731
202010
6659
6657
43978
44163
16148
60538
198726
42725
12349
12348
44449
62390
62023
34460
35739
51567
199918
57395
34813
34817
15763
47444
47446
47447
34103
56737
196625
24590
201878
42873
42879
50905
43397
199645
199644
43640
197558
20512
48778
196608
196609
29339
29333
8804
8805
30845
198930
198939
25260
56726
56722
33873
39209
31438
20753
20755
48572
62297
44673
8481
8489
25063
25068
58211
29105
24707
61230
202049
202040
31572
62317
62310
12853
8520
12857
50472
60927
47717
12422
57684
59971
6751
5383
44207
41527
44973
44974
16024
60272
20849
42197
42196
8885
8881
20595
48269
44569
13135
13130
13132
48484
48483
51795
8319
56411
47487
24824
196817
196819
39538
31705
47279
47274
44018
12404
50824
201785
43292
199121
60400
48387
42652
198656
48039
8925
24786
33933
34928
15698
39099
39090
43722
201010
201011
201014
44197
44194
48991
51340
25307
25302
61967
61969
199086
49220
198026
48175
48173
34764
50132
28770
42281
42283
41252
47340
47347
197160
39115
8673
21173
49756
200158
41934
29551
8391
52001
25115
58329
31103
61393
201709
201701
60481
60480
13275
13270
13271
44355
8454
8450
50508
50504
35684
24940
20918
15613
39363
39367
198264
41637
47670
8292
15550
8298
16119
12316
12312
12313
34457
197346
197347
197965
6887
31636
51978
20621
201824
42221
15960
8649
15968
28828
12531
16091
16097
52088
21235
21234
49499
49494
49490
49492
20546
34646
196636
61430
24676
24679
35515
25254
57892
47846
33808
31400
202238
21352
21032
49651
58129
20783
29454
198599
9063
9067
9066
20995
198332
198333
58243
31589
31243
34564
34568
50621
12643
44880
201667
43083
12399
44414
13040
13043
13045
40976
40971
60669
12808
57618
60003
15717
6805
59921
34154
34156
35207
35205
35208
31010
6787
6786
12470
6878
43329
20899
60799
48238
9182
9183
9188
9189
198145
29347
29341
21413
8859
57984
35246
35044
35042
197269
198967
33882
39567
34051
31481
47228
44335
201204
201206
57224
16202
16205
57222
57911
34296
50332
35659
56633
51176
61266
25516
39835
39836
31529
31521
62100
15372
41040
59752
44496
44499
12888
12886
197729
51379
51378
201061
198807
20646
34483
31054
31055
41286
41289
42886
202113
5562
201491
201492
12748
12298
12292
12291
20810
21492
21180
13167
44510
197803
60169
60164
24876
24874
196868
35366
57154
62177
44066
15465
43243
201284
201283
42596
59843
29224
8956
48088
29488
29484
59592
34219
34213
35163
51467
60824
8208
42025
42027
201955
197095
200062
51919
43033
21382
21387
21385
199786
50189
25415
25411
25419
25418
3257
39491
31399
31396
201368
201369
201361
41941
20676
20677
51906
61303
28876
28879
25167
16378
16374
197539
199595
199597
199596
199592
34673
24640
38948
38943
196763
42965
41431
47877
42777
30721
31450
47295
47297
42513
12664
12665
21063
60081
49609
13201
8561
8560
29404
29408
8792
8793
8794
8422
61114
35777
35776
24939
24933
199412
9059
29494
199801
50611
43910
43911
201545
44146
8222
8223
15506
201764
201652
9175
9211
12360
49836
13012
13010
62291
197938
197932
2123
2125
6833
15726
48823
34839
34834
15747
15743
31056
34161
200185
200187
200186
42274
42856
201796
58149
60294
60295
20535
29316
29317
8823
8820
35548
198956
24884
51262
199305
199306
61175
47215
13289
13282
41179
25043
35806
198818
49092
43140
199144
197471
60461
58234
29298
29291
34531
50696
24766
51127
25560
15854
33956
33950
15580
31550
39380
200969
39035
39036
49523
62336
13090
59780
59785
50458
50455
51324
199753
59991
31025
35252
35258
199940
21499
41504
44951
21198
21197
20825
41998
44545
13115
42486
31722
31723
34009
31184
31186
35350
49791
6907
12425
6900
48835
50800
60393
198672
59893
59898
34247
34240
197157
57533
57537
34906
43701
5430
8582
61987
43066
21355
21358
2785
2784
2787
2786
2781
2780
2783
2782
2789
2788
48153
48154
35391
35395
29008
34788
34782
199841
28753
28759
56586
25440
3209
41587
41585
41581
5409
5539
31348
31342
201530
39170
20647
20640
29570
15904
15909
197874
61352
49435
3320
34086
34088
31100
34624
50050
12851
12931
12936
30774
47826
47825
60316
60312
12693
49639
48328
41893
13251
57037
35117
8472
50524
196714
24961
20936
9007
196612
196611
12964
12440
44177
44178
201681
201685
60504
60503
197071
20488
12337
12331
29088
29083
35701
197365
2117
34868
31614
201339
31007
201809
42249
51895
15987
49024
12510
12512
15779
50978
1898
1895
1892
1893
197549
197540
60774
48290
20561
48741
198296
59845
24694
38914
56719
198904
25276
25271
25279
39795
33861
50343
31429
12611
199163
41814
20768
20765
59675
41108
8741
25074
16264
9083
199445
198311
58265
29178
31226
34549
34548
51114
41699
41698
15866
47696
201609
200958
44438
8531
50407
52113
60069
60063
57838
199762
57094
197659
56863
35265
30962
43847
44231
28801
12595
12598
28880
43305
9163
42166
8875
21473
21476
35062
35065
197242
56505
21461
21467
61343
20594
25181
42366
44003
12413
50832
45012
8937
34276
199938
51191
25538
56614
39852
15531
201025
201026
62365
44700
198205
201214
42730
197063
16188
57014
52199
61955
199090
49234
56942
61415
29037
50120
35402
5549
31333
31334
47372
39123
39129
21161
57443
35321
41926
13140
20692
20694
62193
8360
8365
25109
25101
25102
57190
197593
197041
197043
197047
35309
30889
34173
60664
12941
28961
200003
60344
60044
49957
13261
51447
8442
39239
24956
196922
12610
34953
33980
33984
33988
39373
6695
201107
5464
47648
48925
16108
16107
201509
60683
12306
49855
49854
21501
34422
197334
201213
57353
3271
3278
59673
47488
31047
31049
199012
35814
15434
199114
43566
201834
201832
42215
50943
57115
16313
16316
52094
60181
21207
49464
59407
2857
34381
30800
34386
38925
38927
25220
42537
21044
20795
20792
20791
51871
58294
50575
35704
51224
198870
197491
20968
31276
48785
29145
29141
29140
41399
41391
8204
201672
201674
25081
60576
60574
24795
58092
13039
13031
51527
12817
12816
12813
8569
197915
57607
15722
15725
47409
9132
9135
16068
20887
20886
20880
29373
21426
34309
34308
197890
62158
29515
201155
201157
42311
8735
8731
50867
8196
16212
16218
197413
197414
21263
59568
50324
28674
28676
35643
51496
680
25504
201600
15838
202083
31530
58010
13301
62354
62359
41052
29394
12898
12894
12897
12892
51302
197990
25348
21336
198064
29066
34496
34722
6710
50179
41298
39672
197297
43353
43354
9136
20805
201208
29510
8682
8687
35039
8351
8354
57769
60170
60175
24861
24860
24868
49294
12822
47777
15415
15417
43254
43257
43252
201291
49034
48344
45049
45047
29239
29236
34225
35170
51417
61183
24989
34966
198558
15657
15385
15388
3199
201059
200093
40988
201370
48951
56532
201554
56912
56919
48139
48132
34419
199829
28731
25423
41213
34880
5517
47309
39486
39151
12731
12732
201392
201397
201396
57373
21138
43536
200117
51887
15925
51022
61333
28864
25157
16360
16365
199009
197524
29380
29658
31168
24582
24581
50034
24639
24635
24637
24632
51839
12919
12915
15495
15492
15499
201741
42562
42691
13232
13233
13237
60220
29413
199284
24902
24900
24901
24909
196954
199421
9020
9022
197777
31285
31288
6666
60789
44156
44152
15518
15514
47636
42442
16151
16152
60522
198710
12355
44450
62387
13003
35724
35721
60955
34807
15752
6595
31671
47431
47432
47435
34115
31098
201318
56876
44298
42840
12579
12571
12574
16055
56813
42102
196616
196614
29308
34685
198926
25295
25291
8879
8878
61377
33846
33843
33848
30791
47195
47191
39218
20740
41163
41162
41167
1754
57855
8767
8763
50890
8495
25058
25054
20572
20570
49312
48049
34520
196624
24773
24774
57821
51137
41365
15844
15590
15594
15598
5605
201623
200978
49552
49885
13083
59790
8519
12843
50462
50469
201158
25394
199354
197639
197637
59963
59965
34191
34193
30941
50145
35244
35242
50143
44215
29610
198703
60209
43585
9145
42184
20855
50076
21458
8899
8893
13125
13128
13129
35003
8303
50441
24836
24833
31735
34011
34015
34014
39290
39291
47261
31197
44023
41705
41707
41700
47700
47706
28902
12437
43282
201242
60417
45031
34256
29192
49932
50372
50595
35618
199726
199724
199725
57548
57549
199271
199273
15451
12480
15456
12485
47543
49275
42063
201917
59716
44180
5401
8590
2124
197164
25317
61973
49216
56928
2792
2790
2791
29014
29010
29018
51673
25452
3211
202153
5520
5521
31352
39100
6724
43509
43503
62460
29562
29560
8384
197841
60123
60128
25128
199553
199118
31119
34090
201229
35324
50061
35329
24606
38988
12923
61153
30766
13247
13246
51861
57974
200183
8469
24978
24973
20902
20901
198506
15628
197745
202132
9099
201995
41086
41629
47661
15540
44817
44819
201698
49296
12329
49871
34440
60984
197975
3294
28918
34878
47462
31607
34125
34124
34127
39181
35833
28940
20633
15996
50964
12502
16084
199625
43628
43623
48284
56801
30825
29686
29682
35501
51733
198913
25245
202217
33814
33810
33811
39227
12625
21026
21024
198139
43421
20775
20773
48519
51242
61157
199188
16277
51862
49366
20980
56896
56890
31259
50389
197473
198218
15891
15894
15896
201619
5630
