13057
12834
6811
197661
197660
201895
43337
56841
62121
35589
39554
60422
197190
33916
41076
199718
20681
44508
60111
42638
198631
35158
61397
31590
201960
44134
43027
199795
28717
3240
3246
199213
56849
43557
51000
30736
61128
44869
200997
34823
31131
42124
198944
56901
29280
34506
35678
51482
62324
59774
43806
9120
8322
39500
47765
198608
197123
197730
43059
21125
198194
50043
43220
62210
42720
31661
42876
29331
56496
198622
28993
49309
29100
49541
62319
8526
61032
47715
199773
31709
42355
42659
41014
41016
57020
48174
50134
57720
25111
58323
12483
201078
62138
5491
34848
28826
16095
48726
42525
196997
43088
201595
44413
201720
43869
6785
60244
60794
198141
199374
44338
57915
39839
49514
25352
197397
39642
42418
8348
41746
49974
51468
197317
31393
50021
47292
21060
29403
9171
34482
15423
6834
34165
44659
51844
58282
61253
15859
200963
42789
49522
50457
31027
34705
43379
9158
198810
60153
198473
49010
198676
50346
35192
59700
59701
199848
35789
51608
197288
3321
41795
30772
42541
8989
60876
25384
196976
24969
198530
198531
8273
198901
198903
33796
47173
12617
202031
5624
62090
44433
52114
199769
201889
9167
62113
21465
47249
48805
198391
35637
15687
61045
50062
29542
57735
31130
42903
201738
43196
44328
47527
201503
3272
20618
51251
199474
197495
201580
48186
29379
47239
48854
43167
50323
197291
5599
35033
198452
198455
34027
35376
15411
198614
43986
198794
197301
51595
47304
49187
3308
24584
42697
44398
199988
199289
197775
199418
15516
47634
51510
197927
60958
201455
47198
47199
48564
16245
15849
39026
21456
13120
50783
196827
199041
12435
199135
45032
29266
49930
34932
57030
28765
50708
51073
198206
196724
42553
43959
3292
42236
59469
41474
202216
49362
