12834
197661
197660
56841
39554
197190
33916
41076
20681
44508
42638
35158
31590
44134
43027
28717
43557
51000
30736
44869
34823
31131
42124
56901
29280
34506
35678
51482
43806
9120
39500
47765
197123
43059
21125
198194
50043
43220
42720
31661
42876
29331
56496
198622
49309
29100
47715
31709
42355
42659
41014
41016
57020
50134
25111
12483
5491
34848
28826
16095
48726
42525
196997
43088
43869
198141
44338
57915
39839
25352
39642
42418
41746
49974
51468
197317
31393
50021
47292
21060
29403
9171
34482
15423
6834
44659
51844
15859
42789
49522
50457
31027
34705
43379
9158
198810
198473
49010
50346
35192
59701
35789
51608
197288
3321
41795
30772
42541
8989
25384
24969
198530
8273
33796
47173
12617
5624
44433
52114
9167
21465
47249
48805
35637
15687
61045
50062
29542
31130
42903
44328
47527
3272
20618
51251
197495
48186
47239
48854
43167
50323
197291
35033
34027
35376
15411
43986
198794
197301
51595
47304
49187
3308
24584
42697
44398
197775
15516
47634
51510
47198
48564
16245
39026
13120
50783
45032
29266
49930
57030
28765
51073
196724
42553
43959
3292
42236
59469
41474
49362
