49565
59739
6813
42816
41541
20869
48202
9192
21407
35581
199344
44428
198432
39551
42992
12462
49054
21364
34285
15810
15364
200072
62376
44717
41072
41074
51984
15704
44998
42462
198853
30892
12970
28971
42635
49940
51294
199223
199226
199423
16134
60675
199210
13143
44588
51007
28842
199611
58345
59432
24654
21057
50564
50563
24920
197712
31262
43927
8239
200993
62055
35740
25487
200030
60029
15732
199343
59908
31653
62332
201843
44278
42820
201435
43697
16383
198120
199312
47209
199056
199976
56909
20721
42325
59631
41140
48846
43156
43159
198355
35672
51487
51151
51152
25572
49538
42386
12860
197983
197619
41518
42435
20838
56422
196842
201234
201239
41721
60385
49000
49008
199460
39339
43528
200165
62409
13186
15937
197860
198192
198193
198198
3339
24592
50046
24624
42947
41418
15488
21089
201976
59682
199292
199290
199434
20921
42722
198096
31082
44280
12569
201466
199640
29337
51718
61408
198934
25261
39780
199329
43402
49851
198779
198839
29109
25544
199905
47683
31577
201099
50478
199770
6750
43830
43833
44978
60273
44561
62104
8311
8318
196816
198411
42354
49388
198653
45001
33932
15699
199435
48990
29117
57023
199088
34760
199952
51662
202169
31327
62188
29558
12521
42493
58327
198144
29612
12956
201704
201705
197518
51457
60813
15616
12319
197963
57690
3262
39447
201359
43578
56989
42220
43636
49493
60711
60714
198270
41449
202207
202201
766
12636
21038
49650
20784
199603
31249
8216
43089
13041
40973
50429
60917
15711
12479
48233
198149
59499
197267
198963
198968
48868
48864
16203
16206
199171
60458
57910
50335
197183
199913
202097
47585
39069
48640
44762
44497
197722
25354
25356
56345
35288
41287
202147
20815
13168
197802
15450
16289
35167
197100
30846
34977
39353
47507
29481
201040
200064
57074
35461
25412
57337
202198
39140
39141
39144
15954
28871
16371
16372
16373
56882
48710
51773
25204
201752
39263
49607
49600
49603
56551
9052
43919
60551
12367
49835
56571
12430
49638
25267
12541
12540
50926
201446
59814
8827
25285
42666
59885
13287
50889
31386
197478
199496
58236
58233
199961
200960
200968
43783
48697
25363
44585
6739
199949
21193
196834
199380
198479
28935
60397
8903
201005
51432
43707
56934
35394
199840
31341
31346
47328
12715
20648
13195
48427
50715
16349
3324
47793
60314
49635
35116
196713
35700
20937
15630
15633
197752
201680
60508
60506
198731
12338
12334
34471
51681
2114
57365
201337
42241
50974
50977
199652
43655
56710
31428
201109
20760
44662
197109
48884
57286
41343
200956
200950
49576
13066
44431
57677
35264
44233
16039
16030
60267
9165
197240
199359
13137
43115
35630
42083
48624
44707
200014
61953
199099
60609
50129
25479
44989
31332
12769
20693
41994
197829
24856
199535
198487
12946
201735
12924
60807
196929
15608
201105
44127
201500
198760
3273
15734
31627
201343
201346
42212
42211
29661
51753
202233
31479
42535
29464
58296
51223
198878
198871
199478
9075
49343
41397
15524
202005
12386
48187
62064
52122
41569
44939
201426
48221
198153
42156
201153
201152
20718
57877
43160
60443
57929
34511
25508
41315
62352
29397
59723
197991
15548
56338
199738
199736
198066
30939
30937
202125
60171
198454
16299
48341
42612
29231
199143
35171
61181
24983
25583
43988
201942
48958
197795
201551
201553
35454
57309
39155
201399
62412
199589
199581
31164
34601
24580
39738
201748
201746
199482
198885
197772
16153
12357
197924
56388
2134
34114
44293
201453
25297
56732
201124
20748
48569
8761
57269
48048
29119
24772
41368
202054
39020
197077
25392
57656
60203
24830
31739
50146
44316
199134
45037
29269
199272
12482
39314
39316
56924
199853
51678
51676
25453
202158
47973
42457
15915
15919
52037
3352
60493
60494
62235
57970
35699
50518
20906
20905
197740
199930
41089
24799
16168
42749
12321
50235
197974
6895
201815
42237
50961
16338
48752
25247
202211
202210
711
31418
21027
21025
41868
198584
9094
