49565
6813
42816
41541
48202
9192
44428
198432
39551
42992
49054
21364
34285
15810
44717
51984
15704
44998
30892
28971
49940
51294
44588
51007
24654
21057
50563
24920
197712
31262
43927
8239
35740
25487
15732
31653
44278
43697
16383
56909
20721
42325
41140
48846
43159
198355
35672
51487
51151
51152
25572
49538
42386
197983
197619
41518
42435
20838
56422
41721
49000
49008
39339
13186
15937
197860
198192
198193
3339
24592
24624
42947
15488
20921
42722
198096
31082
44280
12569
29337
51718
25261
39780
43402
49851
198779
29109
25544
47683
31577
50478
6750
43833
44978
44561
8311
8318
196816
49388
33932
15699
48990
29117
57023
34760
31327
12521
42493
198144
29612
12956
197518
51457
12319
197963
3262
39447
43578
56989
42220
43636
49493
198270
41449
766
21038
49650
20784
31249
8216
43089
13041
40973
50429
15711
12479
198149
197267
48868
48864
16206
57910
50335
47585
39069
48640
44762
44497
197722
25356
56345
35288
41287
20815
13168
197802
15450
16289
35167
197100
30846
34977
39353
47507
29481
57074
25412
57337
39140
39144
15954
28871
16371
16372
16373
48710
51773
39263
49603
56551
9052
43919
49835
56571
12430
49638
25267
12541
12540
50926
25285
42666
13287
50889
31386
197478
48697
44585
6739
21193
196834
198479
28935
8903
51432
43707
35394
31341
31346
47328
12715
20648
48427
50715
16349
3324
47793
49635
35116
196713
35700
20937
15630
15633
197752
198731
12338
12334
34471
2114
57365
42241
50974
50977
43655
56710
31428
20760
44662
197109
48884
57286
41343
49576
13066
44431
57677
35264
44233
16039
16030
9165
197240
13137
43115
35630
42083
48624
44707
25479
31332
12769
20693
41994
24856
12946
12924
196929
15608
44127
198760
15734
31627
42212
42211
29661
51753
31479
29464
51223
9075
49343
41397
12386
48187
41569
44939
48221
198153
20718
57877
43160
57929
34511
25508
29397
197991
15548
56338
30939
30937
60171
16299
48341
42612
29231
35171
25583
43988
48958
197795
35454
57309
39155
31164
34601
24580
39738
197772
16153
12357
197924
56388
2134
34114
44293
25297
56732
20748
48569
57269
48048
29119
24772
41368
39020
197077
25392
57656
24830
31739
50146
45037
29269
12482
56924
51678
51676
47973
15915
15919
52037
3352
57970
35699
50518
20906
20905
197740
41089
24799
16168
42749
12321
50235
197974
6895
42237
50961
16338
25247
31418
21027
21025
41868
