57664
12582
201172
49059
197191
51164
48652
50290
5575
44506
60116
197115
51473
39342
201964
35477
42297
202180
31389
200134
16302
51765
12659
49670
25033
2586
50603
8236
200996
49826
60970
43692
42122
24895
56900
16228
29282
29132
24752
12630
43792
51319
51311
39662
39665
52056
198443
200087
5420
61990
29154
3238
41993
49422
3336
29422
60846
24919
47605
201599
20494
62022
42252
51935
198936
41808
1741
16259
34188
30978
16023
39283
47732
34263
50585
51188
33935
39098
199087
49225
198024
60616
48403
52004
196805
61395
30754
44683
13276
50503
198514
35382
57692
39193
39194
20542
47153
59650
51691
50420
6781
196655
198964
201166
58003
34484
50108
42885
21490
196862
41747
42621
47508
28723
198243
41663
15501
197930
6839
8829
61177
201139
29293
31211
60156
201006
2017
201070
48618
48156
39699
199231
12712
51941
8624
49282
49283
43499
42540
21348
29432
20931
197753
198737
12330
49866
43382
20569
51728
51726
199508
34541
24713
24714
28883
61340
48299
29243
29240
34273
39857
2026
21366
50296
57732
60109
35148
8145
5469
3274
15970
34384
39242
20798
198872
43933
41648
15527
6793
41561
201422
34387
62357
5411
13170
197032
39324
201056
201057
201557
57066
34414
3222
5515
25213
199122
12918
15496
199486
199480
198632
6667
49802
24751
8812
30798
41369
202053
25391
52170
42343
41701
15424
51508
60414
41242
6852
49762
29601
45010
20904
201991
5487
201692
198749
29093
16086
16331
20571
201587
20774
16273
198859
