49566
60902
197662
35217
43858
50036
201896
42811
41542
16009
56844
49152
42172
198177
29351
21409
198997
198435
39552
201177
199167
48879
12463
50845
43100
43105
60427
57902
197195
35625
51169
41334
47599
39072
39079
200075
200077
51366
51985
199712
199719
34749
41272
42467
50755
50758
51085
51083
60112
199528
197056
35315
51822
39754
43278
43271
42630
8945
48099
35152
197114
34949
34948
198575
15674
39340
31591
201967
201961
201198
199422
47658
16136
199668
199792
34433
50199
15436
47494
202187
201408
20603
42208
44583
61319
25170
43617
49477
197500
197505
60737
48702
48703
29679
57839
47866
197532
39271
202069
8784
197715
39894
39899
34391
60543
200995
12375
199881
62057
61086
57591
57633
39420
34177
51964
16073
16071
201432
43698
20529
198126
8839
197205
47206
39583
201140
48017
49083
48069
29283
59576
29137
35676
30741
15826
15829
33945
34997
34993
43794
49537
48668
50446
197981
197618
29075
12807
202138
43347
43342
60226
60223
34704
48259
48252
44530
39509
39506
35344
41498
47891
15401
201267
45050
29204
8975
34235
34237
35184
35189
57521
24990
31375
199218
34913
43717
201939
201938
201932
41020
197736
197732
197696
60641
48140
197737
29150
47332
39847
39162
12727
201381
16057
200162
48436
48432
50628
50620
50982
198196
199571
199575
199579
196689
31178
197867
12901
47818
49623
13223
59689
35012
35101
29301
50535
20926
9036
202019
41605
47608
197081
16140
60532
62396
15762
39473
31660
201876
42256
199058
12565
12566
50903
43390
49137
199641
43646
197551
42117
198111
197230
39781
199327
33870
30781
47184
39206
12601
21000
201116
41804
20756
44099
8487
51269
16252
16254
31235
29104
61236
25540
202047
31576
201635
49540
8528
8527
50474
60074
30972
41524
41526
39634
39631
44976
43311
16028
35070
8310
39534
34064
39286
57943
41191
48813
48819
12409
199125
60401
8921
59520
49923
50588
199248
33930
33938
201487
42096
201900
200050
5410
51345
29110
57024
48179
34761
50133
50135
35418
51664
61221
31328
12771
197161
41935
8399
60132
25117
25113
57183
199545
58324
35334
35330
42937
61394
39771
41770
12953
43217
201703
60331
13273
51455
196911
20917
41090
15557
48913
30801
44809
60697
198750
12318
60994
57694
57696
57348
57346
47472
39444
31635
39196
43573
201828
7345
50954
57103
197562
49495
60718
20541
30839
34647
51741
56774
47841
33805
199064
47150
21033
43439
43436
199162
48528
44606
41128
51231
57654
198590
197485
20994
198335
198330
60046
29152
50624
199749
199568
8218
49594
12395
13049
62076
8554
60001
196766
16017
9180
196658
197883
57793
198423
59853
44334
8723
50858
61136
57226
59518
199917
35655
202096
49517
200069
58004
41044
44494
200170
25358
56343
29057
42881
62018
12744
52075
196869
35363
43249
60362
42623
59842
35169
61198
60828
60821
25593
199233
34973
34970
198545
47504
202009
201958
199565
48942
57752
16128
2200
199783
199677
48125
50183
51630
3256
47314
39495
200102
20675
20672
51038
28877
49449
196765
39723
47293
201753
47127
59417
59413
8567
8565
8799
51207
57581
24935
56553
6675
6678
50618
39886
44141
8228
44850
201659
60555
198706
12362
60940
30907
59911
47423
47420
35283
47980
16048
16046
28855
60749
49112
48799
35540
198952
198954
25286
51260
199308
33857
43460
57273
16236
43142
199140
49328
197788
31216
198855
34536
24763
35665
35667
51128
41370
34980
31553
31555
39389
44756
12876
61015
10455
51326
199758
52143
59997
6738
43814
201425
9159
20824
21449
48240
50796
201159
199383
42487
34002
34000
34006
197014
31180
60197
49011
8908
49902
201072
201071
201077
43702
48613
5436
61984
21351
60630
198006
35393
34783
25442
39694
197283
202140
31697
31693
39176
13193
48426
16347
16348
49286
58308
29639
50059
39715
47820
197462
47798
199074
201188
12696
21094
21093
8983
41894
60595
62202
24963
57642
9003
47612
15422
198732
42738
20482
49862
197369
34860
34863
31618
201335
201807
12516
199653
57161
43654
197548
48296
29322
51806
35717
56715
20766
48504
59678
44086
199997
61168
20585
57284
199190
9089
199441
199446
31221
201808
61205
51110
15863
201605
39005
44788
12826
50404
199765
59944
197653
201880
41559
44902
9168
62118
25187
25186
201479
39542
47244
202089
42363
197546
44000
41186
48809
50834
199117
20563
197422
197420
60439
60431
198641
48026
196773
29246
34274
50314
44373
199935
199934
196633
35632
201792
39086
49504
41064
16189
198369
60601
34752
50123
44986
47957
12765
62192
8361
8362
51095
57734
52018
25108
196885
31136
31132
35300
41765
48310
59877
24954
34957
201974
199813
48920
51933
16101
60686
21502
21304
28708
197337
31629
8677
12523
57119
52098
3259
21203
49463
49466
43121
2579
57809
34383
29660
34659
38926
51754
41459
202236
47858
33835
39241
12645
42392
199199
51870
198875
197492
199349
50583
35600
201675
201676
60572
60570
48185
13034
12811
12818
197914
52127
52120
52128
60032
35238
24711
201420
56824
56825
43683
29372
29594
50087
34306
198978
56455
47233
29513
43445
41690
41156
41157
16217
16211
60444
48072
57928
198340
34510
28677
39051
43763
58011
56339
198060
34493
50172
197384
197383
41291
44527
13178
62141
50778
50779
197816
60174
197033
197036
34021
201292
49030
49692
49695
49961
49960
62260
199983
197133
197138
62000
198553
198550
198551
201376
57068
197685
198792
48134
28739
39905
5511
47300
47308
39480
31367
201393
21137
196670
51888
16363
198184
198180
199586
198239
3305
196690
199006
31167
50032
49690
25215
41405
41402
42566
12670
21070
197465
198682
199487
199485
199488
8418
50547
60855
24904
57584
197778
199255
8255
44842
42449
197455
12351
13001
62038
197922
34809
39405
47382
201313
201868
42845
2486
2484
2485
2482
2483
2481
57140
57141
35556
51706
56733
57468
50897
50894
51270
16241
198375
58208
29118
50664
50665
24776
25551
62068
15847
15846
31564
201085
201084
201081
201080
200971
200977
39023
42795
49555
49881
59798
12844
61026
197076
51335
199746
197638
197634
34197
39600
39606
39605
60207
9149
42188
8891
48492
48490
12863
8304
8309
56403
202215
34019
47268
47265
44311
200181
50812
201246
49068
45039
57951
29199
50370
197149
199727
199275
199277
47548
43734
44729
44726
49219
56921
198034
60622
60620
34774
199851
28768
35798
35429
39931
3215
47977
31688
31031
47355
39104
42456
6727
49763
48413
50702
52034
52039
59830
29605
29608
24600
38989
42929
41788
30761
47835
47833
60491
51458
51459
8999
48594
57977
20900
198507
197744
41628
15543
59859
201699
201693
201527
12322
29092
50234
34444
51544
60983
31255
3298
3299
3295
3296
3297
39180
201324
201325
201818
50969
199254
16080
199627
57173
197573
60703
48750
198286
198287
60293
199660
198912
202213
202214
12626
12629
43424
41863
20776
48518
29447
51243
25009
16276
21272
56892
29169
34572
61217
15890
199397
199396
