44791
44422
40968
8548
8546
57669
197666
197669
50039
44226
41548
12583
43338
51926
49158
9191
9194
56478
56474
57784
39550
34041
31493
42370
57230
21369
48018
34282
34286
50300
39846
39849
31515
25320
25327
57002
49247
198046
198047
29045
30914
34745
34746
35299
51649
41276
31300
47367
39139
42465
42466
9115
42284
50756
197832
52063
196875
30894
39757
44076
41759
42584
42633
42634
8943
8942
2830
28690
28697
28695
51479
198362
196933
15676
15677
39341
31595
47514
51409
51406
48935
21396
34437
50191
197320
35801
43551
41951
48463
20860
47712
8669
51006
51005
28846
25178
16303
21218
48706
29676
34660
35399
24650
51766
51762
33820
31463
47130
12658
21055
21054
58102
13213
13216
29474
8789
8435
34988
51212
2589
20976
41380
41383
41653
41659
49823
44474
28792
8577
6824
31659
31655
35228
43884
56990
5089
47998
47999
50932
49162
42129
49781
49780
21439
8838
57408
57403
24894
13009
58226
57935
198353
29131
35670
51489
51159
25577
15444
30740
33941
31547
48660
44745
49657
42382
42383
50445
197980
51318
56325
25376
21327
34716
44947
44948
5586
5587
42436
49707
35028
50764
50763
198440
41495
41493
47892
47762
29207
196745
35180
197122
34587
34914
47563
15641
15395
39332
56696
42040
42046
21346
40992
41021
41029
48967
48961
12433
43057
50254
34798
34790
56595
39917
57315
41593
41595
41596
5503
5500
43520
41963
41968
20652
51055
51059
16353
16351
198222
31170
29626
24594
24627
38966
42944
47813
197463
43486
42579
52215
49629
49999
44366
44369
28934
8401
50534
196962
24910
24916
20927
6656
43979
47603
15568
197085
198723
42724
49819
44442
35732
35736
51561
197370
8282
57391
34811
34816
15768
15769
15766
6871
39477
39470
31665
31667
47443
47449
31084
42875
28816
28819
43392
48771
48779
30847
30844
34344
34697
33879
39202
198623
43408
48570
48577
44671
8553
41113
25061
51845
198300
34555
25546
41357
49546
13076
47716
6908
42689
43835
43838
5388
39633
44971
44972
43313
44568
35072
39537
31708
34066
42359
42356
42353
47738
43298
48389
198386
8928
29180
49928
34922
15692
15697
39097
48632
48639
41012
5413
48993
48992
16197
48177
50286
50287
28772
35414
25464
5555
5551
5552
39116
39118
12775
21177
49751
49758
41936
48404
29550
197852
51063
49413
3344
31128
29611
39779
30756
48303
44684
44356
8457
24949
25098
39361
47539
47534
47535
43949
42010
44114
47671
8296
48910
30805
30803
44801
49846
50202
197342
51551
51553
47474
31637
31632
35826
35825
35822
20629
42228
15961
12536
16096
21233
20547
198276
30837
34649
24673
24677
38936
56775
57994
41448
31402
31404
49655
20782
29457
29452
196990
20998
20990
41751
12390
50422
44251
41570
43328
43323
48231
198142
196656
57894
8851
35049
35045
31487
47227
57228
20705
51818
197407
197409
48003
197182
35650
35652
34294
41321
33968
33967
15379
39060
12884
12885
51999
198071
198079
198801
29054
34737
35289
42880
47933
12789
5564
12740
12290
49728
44516
8698
50743
50746
48273
52076
57156
15463
47744
16282
49026
48375
8950
48083
44305
28687
28688
197107
197101
39356
29480
48945
197239
34407
34401
50271
50184
28729
41203
3252
197568
31398
43545
20679
15951
15957
8613
25168
25160
49441
48717
48718
31156
29646
34670
34675
50028
50023
56745
41433
47871
31459
47296
47121
13207
13205
13208
29400
8426
51205
57586
24931
20941
21301
31290
51905
39884
8220
47622
47625
42705
56396
2129
6911
30909
34830
15740
6859
39414
31641
31640
34164
47393
21077
44268
42853
48325
50922
58148
43664
198136
35544
24887
51263
33854
33859
39592
44378
42663
29265
20738
13285
42332
48553
8718
50882
50888
25048
25049
25040
16238
51823
49324
29295
29297
29120
29129
50697
35662
57907
25562
39801
41373
33953
12870
50456
51329
51320
25369
52148
9105
31021
34706
35259
39617
39610
49726
47906
43599
9153
21448
44548
13114
35017
8330
196839
31727
34007
197017
29527
57880
49793
44037
28939
45028
29212
29214
29219
8902
49900
34243
51439
53335
42077
48610
8586
48973
21356
49209
29006
29009
28757
35788
39925
41231
41230
197282
31345
39179
51946
21110
21118
43519
41919
13191
29575
8621
8622
197872
51049
51048
51043
51047
25135
52024
34082
34623
50053
50056
12855
42958
39717
41793
47797
43234
49212
52220
52221
21099
8987
13258
44371
50529
198536
15635
51572
41613
41614
15572
15570
8276
8272
44822
44824
44829
16174
42733
198082
49868
50229
50224
34861
39461
34134
31003
15988
15989
8190
42592
12513
50972
15770
15773
43383
57168
48294
198299
2856
35575
51720
33860
31426
31422
2818
41811
41813
41103
41107
197104
48888
16260
9086
9084
49375
198312
198313
31220
31223
50393
50648
51113
41342
15865
47691
12708
49572
44782
44437
57672
57099
197651
30967
30969
41553
39627
39621
39620
12519
16036
16032
20878
9161
21470
21472
48214
48210
44574
56464
56467
56460
21464
25180
786
39545
31712
31715
34079
42369
44009
44008
50833
49049
48397
45019
196778
34270
29328
51198
15533
15689
31509
39089
48620
56367
29033
50292
35405
25470
44980
42479
21160
50063
35327
51918
13144
20695
29548
24851
196881
197594
42909
41769
30746
43198
49958
2873
197782
24958
198567
15601
33981
47523
42009
42004
5462
43014
43013
42761
28705
197338
28914
57356
47480
47484
31048
20610
20617
15977
8676
16315
21208
21206
29664
29668
29669
34657
34654
24661
41450
47856
31474
31472
47143
12641
42536
49669
41847
41840
20799
35707
51222
25026
25022
31273
31270
50632
41393
48182
44409
44403
44402
13037
28780
28782
28786
50432
197913
52129
15724
6838
47400
42831
44934
44931
49229
198154
21422
21423
8844
50088
21296
31742
31743
196671
20712
21433
197419
21267
21260
48077
48070
48071
24742
28673
51498
56644
56640
51149
25501
15830
15839
33970
31532
31535
49503
41051
44481
44480
48902
25346
31453
31151
30933
30930
30931
6717
34728
50173
39674
5596
44521
13173
8683
8680
8686
8689
8356
24865
24867
197039
34026
8530
41489
44052
15418
15412
28959
43255
43251
16293
49694
25582
25585
25587
25588
57511
35716
34967
198554
15654
15653
39326
47571
47572
40986
29026
48952
48954
43041
50246
35452
35456
25421
25426
57307
39485
39152
21130
43534
43531
43532
43539
41977
48447
48449
8607
51023
28861
28863
6894
16362
49182
197529
49454
38974
25218
42973
41400
39733
47113
42565
12678
52200
21076
49615
8419
50541
24907
196950
20952
20955
6660
44159
41678
15519
15510
47631
51965
49807
13005
56565
39400
31672
34119
8651
42262
44292
12576
50910
50914
16050
57148
20500
20505
34350
35089
35082
34689
35551
35559
51704
51707
8871
56730
41830
44646
57850
57851
28986
25050
20577
49318
34523
24778
24775
56670
56673
41362
41367
15845
31565
31562
5607
5600
49882
48686
8513
50468
51338
51332
57653
5459
196809
31015
30943
30949
43827
41532
39602
39609
48906
44965
43367
43584
12787
9142
21188
21459
8897
41988
44557
13122
48493
12496
57750
39522
34010
34013
39295
47264
31198
42342
42344
44314
44022
15421
48825
15429
50813
43280
49397
8912
8916
34253
29197
49937
49933
50598
39875
33920
33921
33926
34934
34930
34931
47549
39313
21321
41000
25492
5400
25310
57624
21345
56929
198032
29017
29016
29019
35799
35425
41246
3213
47978
47971
47351
12701
12703
12707
49765
41909
15914
15917
51072
25127
34099
57203
29606
34632
24604
196722
196720
30769
45014
44697
48591
48596
8468
50510
24976
196904
196902
50500
9014
43950
5482
47669
8266
16162
16164
16166
34442
197972
31256
41695
6899
39458
39451
35831
35832
35838
15998
15992
50965
28837
16082
16085
16334
16339
43620
49487
49485
196628
30827
51736
51945
41477
47163
12621
12628
43428
43422
41866
48513
44611
29444
29446
25006
30864
196981
9090
198328
29164
50384
24720
50656
44891
5631
