199399
29353
13153
24849
197580
197587
15473
5470
35472
201374
15948
12653
51537
24897
8700
43157
34239
197121
40990
35446
42680
8248
199382
8280
8281
15764
202042
31579
39017
8522
43834
16022
48489
44015
12402
48380
49921
39867
199246
15690
200128
199081
28777
8396
50078
12488
43219
44357
196910
15617
57794
43004
3260
201827
8643
41125
9069
24735
43081
43082
60911
41579
16013
199370
199375
51810
197189
39062
29052
201494
20813
50745
29229
8951
199789
35465
44593
8617
8611
8618
50555
196945
6674
12364
12361
199141
198365
48053
35660
41372
15853
198477
39515
44036
15439
42070
8581
34780
39929
5408
12713
3323
3329
43236
43079
43490
47616
8278
6867
30850
30858
38918
44908
9178
48261
39549
42365
29247
29241
15536
25472
21168
41920
12497
28969
60342
15604
47521
197330
20615
60723
20551
39245
20962
49582
13038
6799
21284
34516
197534
39820
44054
15414
28953
201293
8963
56910
35459
39481
198188
31443
8414
8253
50919
20506
43471
43475
8762
8499
31563
31013
6744
50148
60597
48168
42455
8388
60325
8991
50501
197746
5489
15544
9128
35506
29162
