29353
13153
24849
197580
5470
35472
12653
51537
24897
8700
43157
34239
197121
40990
35446
42680
8248
8280
15764
31579
39017
8522
43834
16022
48489
44015
48380
49921
39867
8396
50078
12488
43219
44357
15617
57794
43004
3260
8643
41125
24735
43081
43082
41579
16013
51810
197189
39062
29052
20813
50745
29229
44593
50555
196945
6674
12361
198365
48053
35660
41372
15853
198477
44036
15439
42070
34780
39929
5408
12713
3323
3329
43236
43079
43490
47616
8278
6867
30850
30858
38918
48261
42365
29247
29241
15536
25472
41920
28969
15604
47521
197330
39245
49582
13038
6799
21284
34516
197534
39820
15414
28953
56910
35459
39481
198188
31443
8253
50919
20506
43471
8762
8499
31563
31013
6744
50148
48168
42455
8388
50501
15544
9128
35506
29162
