9259
58708
38873
38871
23715
59205
59207
17793
38603
133877
4760
45346
133467
133460
9545
131188
131189
131184
201223
133115
133112
38032
7705
133634
133635
133632
58627
132295
132742
4142
24236
17554
45263
133783
7540
9420
9289
10205
10202
45849
133018
132057
132056
133904
133905
24112
17740
45572
55778
9826
56190
56195
9590
24077
17764
55787
17485
17487
23881
132585
38531
5085
17814
7468
55807
133871
38186
17630
17990
9513
132310
4619
4612
4614
4616
58797
132506
55536
59251
9914
58931
58933
58937
58939
58441
38475
38478
45932
9899
38067
133160
24043
10136
10132
10138
133205
133204
133201
133209
133208
23875
56205
9253
63955
59352
9908
24002
133793
131167
132883
9237
9231
24329
59745
17794
133953
133955
133372
63946
132101
45757
131451
62294
9520
132342
132348
55331
55335
55334
133424
4620
4624
4625
4626
4627
17653
133759
133753
133752
17929
55649
63527
63521
131337
131334
131330
24449
45508
7499
58579
59220
9925
55852
55858
23648
133855
59358
58683
4862
55953
55952
4848
38056
133139
38870
10108
10103
18293
58643
58985
45640
63849
131278
131271
131274
4746
38166
45864
55480
55489
4352
45247
10228
58779
18218
3363
133077
133929
17555
45165
10026
132231
132174
24058
45908
55367
55361
55369
133766
133769
7650
7659
9263
9269
9744
9740
55750
63911
63915
63916
24544
24545
24549
23709
58957
58958
38612
58453
17619
58451
17975
17972
132017
133107
55933
38007
17424
55558
55552
38591
38277
59270
9665
9660
132283
131224
45910
45911
24224
63841
63845
45187
133789
10153
9293
133024
133027
17500
133849
45561
45562
55458
56180
9586
9584
9589
45816
45485
24304
132597
132593
132591
63518
45136
7479
63927
63928
55298
56103
9502
132499
132490
4605
23920
132865
38814
38819
56311
24182
5017
38226
59248
9906
3661
3662
131091
132705
132702
4594
133428
133423
17924
45921
58411
38866
133734
10127
133211
9468
9793
56059
38486
17537
58661
10087
10082
132252
132786
4748
59360
17706
58807
132422
132427
7581
24333
24334
133054
133052
133948
133946
9828
133395
133398
58883
59337
4515
9381
55346
4655
4654
4656
4650
4658
133746
133747
133741
133743
132838
132837
7493
9242
45474
45783
55639
131324
38578
24568
58560
59217
59214
132374
133861
45750
4828
24246
23978
133126
4058
17444
17449
132541
132549
24454
18116
58658
9337
9735
18382
133448
133440
45753
10232
10231
10238
56082
56080
4158
10032
131280
9312
132381
4623
17824
133526
4849
17888
3689
58944
133322
133325
45327
17984
17988
132363
23730
58407
132845
9732
132537
7577
24462
4431
38580
133617
55725
133892
133893
131234
131231
38469
9444
9304
23985
63855
63854
63857
133405
10147
7695
24396
133038
45597
45590
133488
133486
133485
59344
38574
24018
24010
132407
132899
132892
9581
7619
7614
7617
45496
9229
9225
9221
58730
132610
133578
38658
17744
17657
56136
9538
9536
133733
133732
132488
132485
132480
132481
131685
4633
4630
4637
4635
4639
132818
56302
38802
24115
132698
55517
7484
23749
59237
131994
132714
9409
38452
17759
63834
23890
58426
2772
55945
55940
133142
133148
9726
9729
24399
38864
133454
10118
10116
9440
9478
9474
61978
23868
56027
10099
10098
132790
4528
38176
38177
59371
63888
63889
24023
132458
132364
38197
58744
18204
17540
133549
133380
132169
132163
56276
9879
133190
132368
58516
55350
55355
4649
4642
4640
4641
4646
4644
4645
45855
133771
133772
133777
133779
7646
133199
