9259
38873
23715
17793
38603
4760
45346
131188
38032
7705
24236
17554
7540
9420
9289
10205
10202
45849
24112
45572
55778
56190
56195
9590
24077
17764
17485
17487
23881
38531
17814
55807
38186
17630
17990
9513
4616
55536
38475
38478
45932
38067
24043
10138
23875
56205
9253
9908
24002
9237
9231
24329
17794
133372
45757
9520
55331
55334
17653
17929
55649
131337
131334
24449
45508
7499
9925
55852
55858
23648
4862
55953
55952
38056
38870
10108
10103
18293
45640
131278
131271
38166
45864
55480
55489
4352
45247
10228
18218
3363
17555
45165
10026
24058
45908
55367
55361
55369
7650
9263
9269
55750
24544
24545
24549
23709
58453
17619
58451
17975
17972
132017
55933
55552
38591
38277
9660
45910
45911
24224
45187
10153
9293
45561
45562
55458
56180
9584
45816
24304
45136
7479
55298
9502
4605
23920
38814
38819
24182
5017
9906
3661
3662
17924
38866
10127
9468
56059
38486
17537
10082
4748
17706
7581
24333
24334
4515
9381
55346
4655
4654
4658
133741
132837
9242
45474
45783
55639
38578
24568
45750
4828
24246
4058
17444
9735
18382
133448
45753
10232
10231
10238
56080
4158
10032
131280
9312
4623
17888
45327
17984
17988
23730
58407
9732
7577
24462
38580
131234
38469
9444
9304
23985
10147
7695
24396
45597
45590
38574
24018
24010
7619
7617
45496
9229
9221
38658
17744
17657
56136
9538
9536
131685
4637
56302
38802
55517
7484
23749
131994
9409
38452
17759
23890
58426
55945
55940
9726
9729
24399
10118
10116
9474
23868
10099
10098
4528
38176
38177
24023
38197
17540
133380
132169
56276
9879
58516
55350
55355
4642
4641
4645
45855
7646
