50410
43009
57785
35620
25528
41336
25328
51989
34748
47948
35225
52152
43804
39663
48256
48353
44325
49428
49425
47107
34463
2108
196622
43394
1886
35416
198492
49498
38937
13046
31012
48372
44306
198785
43540
29647
51778
56556
30905
47988
48794
48797
34362
35549
44377
25045
31215
25365
196832
42488
42679
51577
49127
25277
29485
34540
5620
197716
197652
48621
197823
57736
198565
41452
41454
12810
6794
57888
34519
57499
34594
28862
48567
34522
52172
5391
21323
28766
35128
56681
43953
16163
56706
197521
