50410
43009
57785
35620
25528
41336
25328
51989
34748
47948
59866
199401
200990
59905
35225
24755
52152
43804
39663
48256
48353
61995
44325
49428
49425
58312
47107
34463
2108
196622
43394
1886
60762
57004
59522
199433
35416
198492
197962
49498
38937
41121
13046
60009
31012
48372
44306
198548
198785
43540
29647
51778
56556
30905
47988
49117
48794
48797
57868
34362
35549
44377
25045
31215
59786
25365
62161
196832
42488
42679
51577
49127
25277
29485
34540
5620
197716
197652
12417
48621
197823
57736
201563
198565
41452
41454
201679
12810
6794
199244
57888
34519
35648
57499
34594
28862
51702
48567
57266
34522
52172
5391
21323
28766
35128
56681
43953
16163
12326
15994
56706
61211
197521
