8294
42817
12589
44911
35051
39844
44302
43749
47116
41075
30917
44991
35311
196732
43187
49944
197112
50261
3244
31380
42205
25171
43928
20523
33947
56322
29078
44945
28924
24991
43710
43711
48965
5507
43529
197862
198223
41885
20922
15566
20510
48893
20845
24822
29278
34262
29183
35190
33937
41251
5554
3340
41091
15555
42759
20624
30836
47159
51232
34563
44419
52139
43860
6784
16015
197886
197889
34059
47587
44768
34489
21186
8696
15467
16280
21381
50181
28728
15953
3314
48714
42964
30723
31297
8229
198700
44460
30904
47421
44264
42854
44376
44651
49090
31219
33954
33959
41509
57747
51438
2012
49202
56584
47324
1955
196970
197750
42864
20568
24690
44789
8536
35263
12594
44570
197248
42367
41183
24794
25539
51356
51096
8448
31581
12301
12303
49857
21209
34655
43931
43876
6790
20882
51843
21334
6711
5594
8358
47885
15410
34226
5513
21136
29657
50031
50689
57389
47381
20742
51275
40989
8512
57657
30942
42185
48829
197148
35792
3219
47979
41903
8990
8462
15629
5483
41627
15545
41694
42232
21229
47169
49180
197523
