8294
42817
12589
44911
35051
61294
39844
44302
43749
47116
200076
41075
30917
44991
35311
196732
43187
49944
197112
50261
3244
31380
42205
25171
8436
43928
28794
8579
20523
42120
33947
56322
29078
44945
201237
28924
59869
34588
24991
43710
43711
48965
61998
5507
43529
197862
198223
3338
41885
62214
20922
15566
51564
20510
56723
62292
48893
60071
20845
24822
29278
34262
29183
35190
33937
41015
41251
5554
197851
3340
41091
15555
42759
50203
39448
201355
20624
30836
47159
51232
34563
44419
52139
43860
6784
16015
197886
197889
34059
47587
44768
34489
202115
5565
21146
21186
8696
15467
16280
59448
21381
50181
28728
15953
3314
48714
42964
60673
30723
31297
8229
198700
44460
56398
30904
47421
44264
42854
44376
44651
41170
49090
31219
33954
33959
200964
41509
57747
47710
45020
51438
2012
49202
56584
47324
57106
49280
1955
196970
197750
201539
42864
15985
20568
24690
44789
8536
199235
59949
35263
12594
44570
197248
42367
41183
43114
24794
25539
51356
202172
51096
199030
201568
8448
31581
12301
12303
49857
34423
21209
34655
59649
43931
58098
43876
6790
20882
51843
57920
61270
21334
6711
5594
8358
44057
47885
15410
34226
61184
29021
5513
21136
29657
50031
12673
196958
50689
57389
47381
57147
20742
51275
40989
8512
57657
30942
42185
48829
197148
35792
3219
47979
41903
8990
8462
15629
5483
41627
15545
42743
41694
42232
21229
198281
24686
47169
49180
197523
