9251
38569
38567
58961
4761
23691
18103
9657
3382
9326
4821
10208
18007
17769
7632
38535
17817
17995
17727
38211
58449
17910
18156
63827
38060
133166
45696
24194
24057
10137
45286
133796
7597
63941
24518
18056
18052
18051
18059
132105
45756
38896
4622
38548
4787
38482
17450
17451
17454
9448
56232
9340
9341
18365
18364
58549
23671
23679
18393
38494
55794
10220
17553
18004
9462
56306
9794
24052
38331
133335
58452
17974
17538
38274
59271
4382
10217
56060
17885
9422
132629
17800
18189
23651
18379
9905
45658
17922
9791
59131
38141
7587
18237
45146
17670
58463
131111
45786
17725
58561
58514
4795
4796
17440
18112
131205
46016
4832
56088
24048
38320
23945
58816
17826
17884
55818
133329
18355
18351
58375
4434
38202
38490
38496
7713
7717
63858
4800
18153
23861
38750
17996
58369
45493
9228
58731
18251
132164
23756
63488
55825
17658
18347
131687
58474
55652
24180
3583
58425
4855
45239
10114
9785
38171
23666
58815
45770
9875
24538
