9251
38567
4761
23691
18103
9657
3382
9326
4821
10208
18007
17769
7632
38535
17817
17995
17727
38211
58449
18156
45696
24057
10137
45286
7597
24518
18056
18052
18051
18059
132105
45756
38896
4622
38548
4787
17450
17451
17454
9340
9341
18365
18364
58549
23671
23679
18393
38494
55794
10220
17553
18004
9462
56306
9794
38331
58452
17974
17538
38274
4382
10217
17885
9422
17800
18189
23651
18379
9905
17922
38141
7587
45146
17670
58463
45786
17725
58561
58514
4795
4796
18112
46016
56088
24048
38320
17826
17884
18351
58375
4434
38202
38496
7713
4800
18153
23861
17996
58369
9228
23756
55825
17658
18347
58474
55652
3583
58425
4855
9785
38171
23666
45770
9875
24538
