49567
198993
199346
60423
29257
41073
47941
47942
60110
47490
15947
61314
43610
39270
62129
47417
35226
34505
34992
15751
60229
48255
13100
15405
201000
34912
57052
48142
28744
39915
12720
41883
1213
41607
41602
197957
197953
34815
42874
43406
201111
198301
41680
47680
200948
200947
200946
35272
24784
198836
199299
39093
42090
44196
39111
62455
48406
197853
49416
31122
15612
39449
56985
56980
201829
42227
24675
56778
49201
61145
201414
196650
34317
57791
199373
43178
56638
51173
15806
47580
43772
30900
12293
34218
61194
199203
29636
41949
29644
47870
31458
58173
29406
44384
62431
9055
15502
2127
2128
59915
13280
50883
60214
198812
62168
60155
34004
34245
25441
202148
31698
5534
43515
200174
49634
47615
201538
16171
62017
3286
39233
201607
49573
44786
199763
60277
35262
198988
199873
47720
199256
200046
41265
39122
31135
200005
43192
197904
5466
199017
198260
2850
56767
12388
29516
42310
59569
50326
43760
59769
41736
48342
49221
199027
43984
1197
41214
39157
41973
196737
28867
199588
29650
39730
44451
51516
199200
34110
201310
60751
199336
8760
43829
44212
31733
39319
201918
43074
51677
49766
48410
49406
44815
31411
51865
34575
201614
