49567
29257
41073
47941
47490
15947
43610
39270
47417
35226
34505
15751
48255
13100
15405
34912
57052
48142
39915
41883
1213
41607
197957
197953
34815
43406
41680
47680
35272
24784
39093
42090
44196
39111
48406
197853
49416
31122
15612
39449
42227
24675
56778
57791
43178
56638
51173
15806
47580
43772
30900
29636
41949
29644
47870
31458
44384
15502
2128
13280
50883
34004
34245
25441
31698
43515
49634
47615
16171
39233
44786
35262
47720
39122
43192
197904
5466
198260
2850
12388
29516
42310
50326
41736
48342
49221
43984
1197
41214
39157
41973
196737
28867
29650
39730
44451
51516
34110
8760
43829
44212
31733
39319
43074
51677
49766
49406
44815
31411
51865
