6810
8867
44427
47256
21363
33914
1680
15708
12753
9117
9116
21486
51082
29410
51825
39343
35532
25237
47135
39274
41857
28799
47997
24890
48068
12491
15823
12988
47766
34583
15643
56596
49993
34105
44282
198114
35560
41116
198773
49308
31578
57731
13073
13074
20841
20598
44367
12400
49076
50365
47961
21174
57721
50079
48300
16116
56521
20623
33802
43438
42384
44887
8551
12802
35243
198425
12749
50744
51287
31391
16370
15504
34365
35091
35541
49391
25046
25565
13093
50454
35016
197012
49794
41714
21350
35392
35786
35438
35435
43514
49771
20645
38992
12441
198087
3288
42243
8958
12619
44669
44435
43842
43381
42647
48627
44709
51651
47956
5540
41924
41927
41923
198484
30744
15445
43194
34852
15976
34380
50006
21042
56804
9071
29149
41394
15526
8203
49587
28783
51385
43871
16061
56839
50081
8738
50865
43165
57259
51304
20800
197819
47779
47770
47776
34598
34886
39159
12736
50995
49456
31162
42976
44399
197797
44846
16158
31092
35553
39213
16240
12849
50463
21450
8894
196828
56914
49069
43739
57035
48163
25125
50069
42925
39768
13240
5486
47665
50237
47461
28833
49484
31417
43423
57862
25003
30866
29165
