199391
57666
6810
8867
44427
47256
21363
33914
39076
1680
15708
202102
12753
9117
9116
21486
51082
29410
51825
39343
35532
25237
47135
39274
41857
28799
47997
198949
24890
48068
12491
15823
5585
50154
12988
47769
47766
34583
15643
198010
56596
51617
49993
34105
42254
44282
42111
198114
35560
41116
198773
49308
31578
57731
201093
13073
13074
20841
20598
44367
12400
49076
50365
56378
47961
21174
57721
57727
50079
48300
16116
34459
56521
20623
33802
43438
42384
61149
199747
44887
201660
8551
12802
59648
201415
35243
198427
198425
12749
50744
51287
201043
31391
16370
197538
59422
198893
15504
201857
34365
35091
35541
49391
25046
49323
51123
25565
33952
13093
50454
43597
35016
197012
49794
41714
199267
201073
8584
21350
35392
35786
35438
35435
202145
43514
49771
20645
38992
4516
12441
198087
3288
42243
8958
47177
12619
21018
44669
25078
58268
44435
43842
44576
62112
198986
43381
42647
60886
15686
48627
44709
51651
47956
5540
42475
41924
41927
41923
198482
198484
30744
15445
43194
13264
60802
34852
35812
201833
15976
34380
50006
21042
196769
56804
198879
9071
29149
41394
15526
8203
49587
28783
51385
43871
16061
56839
50081
201156
8738
50865
43165
57259
49501
51304
202122
20800
49716
197819
47779
47770
47776
34598
34886
39159
12736
21133
50995
49456
31162
42976
44399
199989
61102
197797
44846
16158
51512
31092
35553
39213
16240
42793
12849
50463
21450
8894
196828
31190
56914
49069
199270
43739
57035
48163
25125
50069
42925
39768
13240
5486
47665
50237
47461
28833
49484
31417
43423
57862
25003
30866
29165
197210
