9752
55839
131314
38874
38872
45639
24574
45340
38476
17912
38857
18105
18101
38261
38266
55577
55570
55578
9653
131210
131215
131219
55448
45161
45264
45884
45885
45749
9285
10201
24374
56093
132052
132051
17913
17748
45635
55779
9829
55429
55428
56193
17762
55780
55782
9941
38314
38310
55879
17483
17488
38536
17813
17810
17815
17818
45661
55806
55804
38185
131468
9414
18008
56110
45535
45433
45432
9498
55535
23768
55734
56283
58442
17917
45582
24127
24055
45219
45210
131181
23872
23870
38746
38743
4758
56202
56209
45284
55479
55474
55470
24003
24004
17436
17439
9238
18225
18222
18223
10077
45154
45150
45153
24515
132108
56124
55333
45466
45469
55644
37986
37982
131333
24448
38546
55574
18196
45942
45944
58432
58438
38053
38058
45194
17453
23976
38799
18120
38241
45693
55764
45644
45863
131169
46068
9347
55709
38898
45243
45760
45767
45765
45769
10225
131283
132041
132043
18211
10029
132239
38324
18002
132175
55401
55360
45825
45820
131302
131308
18229
45648
45649
55862
45334
45335
45337
55566
45536
9396
38000
24041
17423
17426
45670
24471
38594
38596
38271
38275
55713
55712
55717
55757
9666
132065
131222
55740
55741
45915
45916
24222
23994
45271
45272
10215
56061
56064
131255
131993
56268
17771
38139
45747
45742
9836
55459
131458
9583
9580
45815
45813
17648
38306
45955
45487
24309
45132
38529
17803
55296
132151
55836
55832
55831
132122
132121
131473
17625
17624
56108
56107
9501
45185
45184
45189
38810
56312
24109
55507
38224
58594
56290
45927
58419
38072
45235
45232
10125
9796
56056
56211
131787
131256
24332
23658
24485
45573
45148
58462
132004
132005
55341
45841
24178
38573
38571
45624
45625
24560
55847
45350
45357
45804
131190
23682
38021
7633
24080
17443
17447
131459
9430
18064
58457
38174
10239
45196
24468
45525
45526
132220
23664
55433
56166
24558
24049
55370
38538
17495
23942
24084
45119
45117
17825
17820
17753
45663
17754
45655
24554
55814
45666
38191
45660
24391
58522
23903
23901
58371
38015
24193
45801
9730
55529
55526
38204
38205
38207
23770
23772
55728
38188
17786
17783
131235
38468
38461
17903
24216
4755
55917
17908
45205
45202
24397
24392
23860
56077
18167
132075
55563
56272
56278
45596
45591
9830
45514
45513
45518
45519
55441
55446
23984
55918
45491
9227
9223
24501
55824
55823
132135
132137
17747
131442
2697
45208
45415
45417
10199
58405
45636
55510
38557
24186
24185
7487
38233
45609
38457
45954
58428
23957
55947
17466
17465
56224
55410
131263
131262
131265
18166
45528
55494
24029
45774
45775
18209
18207
38720
38902
132150
38029
17665
38625
55353
55351
24539
45851
45850
45854
45857
