50795
57235
39074
50114
31303
42461
42915
42586
50269
43553
51001
57816
8571
57405
57241
57240
57936
51488
31549
52155
29077
29079
50160
57543
43343
39501
48359
34918
42043
50259
57577
48434
48431
52210
41881
50530
44285
30902
34341
30783
47188
39200
48575
41689
5618
44208
51791
15696
25306
50733
48309
15611
44808
49847
49844
197343
16322
47843
58121
51235
44889
58081
44410
52137
52133
49148
49147
21410
56632
44498
12880
35285
52070
51788
49689
49680
49970
51460
51469
51280
48944
48121
57457
57454
56746
56749
50551
50558
56552
34837
56905
58142
34369
57474
42337
48555
50692
50591
58030
58033
52140
6736
57745
57743
31182
51431
39308
48159
43510
29577
49433
47796
44375
43965
56503
56507
57366
51897
42867
57165
48501
57674
56861
42163
56466
56461
56796
25184
50836
56616
43754
51355
52196
57199
42907
56547
198569
34850
50948
51759
56765
31476
48787
44244
39571
43444
50868
43161
34513
29068
50177
57497
51411
51541
29020
57067
24631
57385
49103
49100
48762
35088
57461
1756
50892
51130
50460
51785
56402
31732
47262
50810
43135
57563
49065
48608
21341
41900
51074
25124
48592
56687
5484
41620
49872
51542
48289
51732
56703
51241
