44793
12835
50417
52109
197664
42818
16004
56472
198434
31495
12839
48874
12468
12465
196749
34281
15360
57558
56974
198045
198049
31076
31067
50112
41277
39657
42463
197835
35314
12974
15472
47750
28977
43279
43185
35155
50196
28716
57329
3242
15437
20604
20608
20865
8660
43611
197506
31144
31467
47136
12650
21058
21056
20972
31263
57817
43923
41381
41651
196753
8234
12373
48191
44473
28791
25488
39423
12551
12559
16076
20522
48544
29286
33942
39044
49535
44747
44741
49653
56320
44942
47912
6737
20836
48251
24817
41497
28929
8978
197126
57525
24994
47568
198017
13182
28742
51616
5502
13180
20658
13183
34613
12906
21086
49991
48769
28937
29307
24915
20924
9035
43976
44160
41606
44831
16144
16141
198721
198090
12340
12345
51569
47646
197954
39479
34618
31086
43648
30848
34699
34695
47187
12607
21006
44092
44091
28999
16257
197589
31570
15714
30970
5382
39636
39638
43312
16027
21469
8884
44567
51853
47735
48815
49073
48382
42650
198380
29270
8922
49924
197440
24780
51185
196966
15691
48634
25309
25305
25301
25300
16191
56376
12779
21176
197850
197859
51065
42933
12481
35131
35130
196919
20915
20913
20912
43942
42015
41094
8244
57343
57345
3269
47473
6882
31638
12533
52083
35514
35519
31403
39250
12637
21034
51233
49355
20993
20992
50627
15887
8217
21049
15715
57394
196654
8855
57426
47224
20707
12474
48862
16201
25518
41325
15807
33964
44767
25350
21309
198800
29050
34731
31319
20819
20811
44513
44512
197807
196865
197022
44062
15469
49979
49976
34216
15668
15663
15660
16122
34405
197319
51580
47316
44591
8612
16379
198240
3313
196761
39729
47875
30722
198772
42515
12663
49605
8564
15553
50552
2594
2595
2597
2593
20942
56550
21307
39887
8224
12363
13018
51502
6831
15746
42275
47986
16042
198013
29312
8822
15788
24880
47217
42665
41827
13284
16232
196784
29127
34534
35666
25569
39808
15584
15589
49524
13097
12874
31238
9104
30958
6734
44957
47902
42425
12797
21199
13113
24802
24805
198471
39514
31728
35359
47714
12428
50809
35193
47556
48617
39926
5535
51940
21115
20642
48423
52025
49289
49431
49284
34081
12850
42957
39719
47824
49215
8980
13254
13253
57039
29438
35114
35110
43960
16177
42737
20487
29082
197947
197948
31617
31611
15981
28805
198291
198292
35574
47178
21014
48500
41100
44084
198319
31222
29177
50394
24717
49579
44787
13060
8539
197650
6762
43843
12515
42165
198166
21471
43389
47242
42985
48291
48394
50316
24796
43756
44701
56366
29036
34758
34759
41262
39120
13145
20697
197825
196880
12498
44326
35146
15605
33982
33986
21333
6691
196708
12309
35485
3275
34725
20554
34382
34650
42538
41849
20794
51220
9076
41644
15529
13035
49733
15720
6836
47408
47406
44936
21429
29598
12445
16210
57922
198345
198349
24749
28675
51499
56641
15831
44485
51300
49265
197290
197293
47927
9137
196852
24869
44059
47880
41734
16297
45041
8968
43989
56911
48135
3228
25156
3302
34606
196956
20959
20958
9026
6665
15515
57514
6840
8653
28831
57144
8816
51708
57469
39212
39217
41836
20745
20746
41169
41160
50891
34526
51139
41364
5602
5609
197075
31121
5392
5397
5396
5394
44219
43364
42180
21457
21454
21451
20580
41986
35006
198102
42669
8911
12954
35612
35617
43731
44721
28767
31686
31034
47358
47353
21101
29564
197845
31115
29609
24608
12922
45015
198399
50507
43954
8265
8261
16161
29094
35719
197352
57371
20637
15923
12505
43625
41470
49640
29449
25002
196983
9093
49360
49367
20981
198320
197211
44898
