24572
4765
37888
23967
38033
132298
132290
23612
132024
133782
7543
10209
45846
133900
132211
9824
9591
131152
55873
23885
132316
2706
4251
4197
45436
132504
23761
55888
2554
132068
24121
24056
45217
133203
9466
9990
55475
9909
132430
133795
132888
17795
24512
132345
4628
7660
63524
37984
132726
132721
132723
3488
59091
55569
56033
18121
58645
9349
38895
38715
132238
58728
4777
132373
2713
4672
38080
3775
63917
38610
4774
17977
132855
24047
24470
63770
3391
132285
55748
24229
131074
131075
131077
131073
17503
18050
132418
2497
132592
132624
17801
3510
132120
54415
23926
23929
9904
173
56291
24477
58535
10124
7500
56218
17707
24336
132095
38910
132119
17673
132836
132833
7490
23720
24248
9649
2907
18067
18383
18193
17560
10033
10807
1233
132383
55372
23940
17751
58531
55817
38627
132362
132301
132841
23773
38462
17905
55457
132409
9222
18259
18258
24508
132139
132331
132489
23663
23661
131893
7488
9935
133869
2915
17930
55949
38043
17661
56029
56024
56025
56023
9625
132249
132628
132455
132451
58784
133067
45672
131106
132828
132827
132824
