3748
9753
5051
23716
23714
23713
9943
4766
133463
45963
9452
4040
9286
18028
18373
23552
4202
18157
4861
18023
4756
131791
133792
9683
38660
9521
45502
45360
6068
23971
3976
2385
4961
3357
9840
4671
4670
38086
55584
17832
1781
10154
3786
3784
18174
18176
18031
18038
45560
2563
38387
23759
10088
3813
18026
4745
18401
133059
3757
37991
131092
4790
7557
17567
10034
9316
1237
23668
132380
6619
4668
4669
4664
4665
4666
4660
4663
7620
9270
1704
9568
4060
23908
9487
3608
4753
4757
23989
23980
9884
18163
18169
18294
24509
23743
9628
3825
18160
18168
24026
24022
23972
23975
3559
55416
