9198
29355
56786
51162
51363
29046
42770
31465
197079
15736
21299
51837
35673
20583
41419
41413
197556
35566
39786
33878
56698
41800
41520
35104
198834
29555
8393
61392
201513
50205
51979
41124
51236
44256
56444
59583
8720
48007
31525
51997
56968
43999
43994
198787
48450
39725
41664
8825
57950
44653
16239
49095
39805
41371
200962
50793
5434
41798
197758
47613
50482
60286
48502
48503
59598
51878
62111
51192
56369
57013
61367
60186
43601
48535
43934
62062
39433
43873
21282
39824
15549
25349
49696
61185
197686
57301
59443
34609
51833
56568
57466
47192
20578
57826
13082
60411
49393
41007
198200
31253
39188
60708
50386
