12587
61053
29538
199527
47512
5479
42774
25406
201400
56847
21211
9207
43883
16382
47205
43151
34037
50256
41228
47609
197225
43649
51719
8486
201096
20846
8314
56413
24825
25190
34068
29625
198651
44198
44358
2847
35135
34842
12539
21031
42380
21412
51172
47583
39067
42887
21147
15908
24877
62179
39354
201959
16125
62428
24645
49602
50610
61091
42549
43463
43811
41506
42675
43700
41981
198009
35431
13194
30775
62203
48583
5377
51802
33793
33797
39007
199232
6769
47247
24852
15440
59821
59874
62282
34857
201349
201341
59642
51388
44246
44933
21420
8841
50320
61272
202085
201201
15419
24984
34961
47573
44642
8764
49550
8516
30944
42181
8892
33922
5522
15911
60121
31114
50065
24607
34120
15995
50962
43627
30822
35500
44613
