12587
29538
47512
5479
42774
25406
56847
21211
9207
43883
47205
34037
50256
41228
47609
197225
43649
51719
8486
20846
8314
56413
24825
25190
34068
29625
198651
44198
44358
2847
35135
34842
12539
21031
42380
21412
51172
47583
39067
42887
21147
15908
24877
39354
16125
24645
49602
50610
42549
43463
43811
41506
42675
43700
41981
198009
13194
30775
48583
5377
51802
33797
39007
6769
47247
24852
15440
34857
51388
44246
21420
50320
15419
24984
34961
44642
8764
49550
30944
42181
8892
33922
5522
31114
50065
24607
34120
15995
50962
43627
30822
35500
44613
