48870
43108
43104
15818
31519
21156
43188
28699
197117
43028
48113
28711
47499
35809
28843
43615
24651
51763
41424
47284
24921
2588
47204
48546
48062
34994
21325
197616
43340
44536
2877
41726
35182
15392
57058
57318
24620
47814
43482
35108
44441
35734
8285
198116
39201
51268
51109
13070
57644
57946
197446
39094
42099
21178
50731
35333
42936
35685
20910
39365
20548
57223
39645
24870
12965
51894
198620
39352
49191
25208
21061
196948
43915
56572
41898
198138
42330
44658
35254
43813
34001
35351
41719
6906
35439
25444
5538
43513
41918
197871
20939
50485
33867
57289
8538
50409
28886
44575
35636
56617
15684
35407
47371
25107
35302
21016
49859
50216
35484
57683
47485
12525
12526
49667
29466
41390
8206
49382
43877
44242
41563
16062
42480
57841
197271
56454
12443
8194
197417
198343
44483
198065
39675
47922
35036
52048
35373
12993
41737
49036
24981
57516
47570
34417
35451
5518
20662
8605
24589
42979
56560
12578
20509
34354
57178
50893
198285
39025
48680
12847
52173
6747
48496
34018
50371
43075
6851
5528
48412
25121
29600
24601
44698
13244
24972
43956
44105
51955
57379
12509
25241
47164
20777
51249
16279
9091
