201897
57431
48870
199103
43108
43104
15818
31519
21156
43188
60356
28699
197117
43028
48113
199663
28711
47499
35809
62436
200132
28843
43615
24651
51763
25232
61365
41424
202221
47284
44624
24921
2588
47204
48546
48062
15827
34994
201256
21325
197616
43340
49700
44536
2877
41726
35182
15392
57058
51610
57318
199577
24620
199035
47814
43482
35108
44441
62394
35734
8285
199052
198116
39201
51268
51109
13070
57644
57946
42657
197446
39094
42099
21178
62453
50731
35333
42936
62220
35685
20910
39365
47679
20548
21035
49654
59658
59927
48867
57223
200171
39645
24870
12965
51894
198620
39352
51588
202199
49191
199594
201574
25208
42519
21061
196948
43915
56572
41898
198138
48798
199300
42330
44658
199962
59993
35254
43813
34001
35351
41719
6906
201547
35439
25444
5538
43513
41918
197870
197871
34620
59818
20939
50485
15775
51898
28803
33867
57289
58269
8538
50409
60066
39626
28886
44575
35636
56617
15684
35407
47371
25107
199031
199037
35302
21016
49859
50216
35484
57683
47485
12525
12526
49667
29466
41390
8206
201673
49382
50936
43877
44242
41563
16062
42480
198159
196644
57841
197271
56454
50773
12443
8194
197417
198343
58018
44483
198065
39675
47922
60234
35036
51347
52048
35373
12993
41737
49036
24981
57516
47570
197683
198793
34417
35451
5518
20662
8605
24589
42979
61100
41679
56560
201315
42849
12578
20509
34354
57956
61376
57178
44648
59615
50893
49314
198285
39025
48680
12847
52173
59967
6747
48496
34018
50371
43075
56925
60629
6851
5528
48412
29569
25121
199558
29600
24601
60324
44698
13244
24972
43956
44105
51955
57379
12509
25241
47164
20777
51249
16279
9091
201611
