49560
35210
9199
48872
25527
62375
61059
57598
39279
50560
43925
62053
62154
57776
35346
57576
62406
51056
58311
56491
51713
28990
43831
48480
8926
8923
197176
34645
56772
41879
62071
48232
60456
61062
47932
51770
51846
199495
31557
49527
48691
62337
9152
1547
56931
57040
8474
62013
50976
48749
48506
62281
9087
61208
56792
47729
200019
60602
62446
31580
51014
52097
60405
58118
43870
51141
15836
41053
61077
201295
61334
49691
56383
51954
31204
43588
39526
200189
43289
43285
8917
25319
25454
60127
25129
62232
197357
31252
50968
