278
17250
10706
13679
28403
262922
262921
28400
262927
262926
262925
262924
3454
7125
7120
7080
28564
28565
28566
28567
28560
28561
28562
28563
28568
28569
18449
7002
262923
262920
22566
2904
11888
263141
263148
263149
26595
18734
8007
10560
262912
262913
262916
262914
262919
22908
26618
26614
7173
19688
28450
28453
28454
28457
18532
28493
28559
28558
28555
28554
28557
28556
28551
28550
28553
28552
19373
11617
18846
7995
7038
16596
3484
263115
263114
27671
27673
27672
17249
10847
262944
28371
11172
28373
28372
28375
28374
28377
28376
28379
28378
1292
26620
22011
12034
7149
19038
16689
28460
28466
28469
3640
10479
6332
6063
28502
28503
28500
28501
28506
28507
28504
28505
28508
28509
27705
27704
27706
4141
3548
15236
263167
263161
8024
13999
21520
28438
262936
28432
15107
19259
3632
6135
28570
6503
21888
22894
25812
263134
263138
7399
4493
262969
23382
2708
6084
7906
28449
28448
3596
21768
13440
7325
23495
5708
28529
28520
28521
28522
28523
28524
28525
28526
28527
28388
28389
28384
28385
28386
28387
28381
28382
28383
22529
23353
6957
27681
27683
27689
28498
28499
28494
28496
28497
28490
28491
28492
10420
2739
28415
28416
17072
19278
2549
23020
28495
22122
3968
4244
4242
28511
28510
28513
28512
28515
28514
28517
28516
28519
28518
6342
19332
6065
1840
28393
28392
3141
23091
263150
263157
263158
7184
7236
11136
16762
21603
6927
12146
10436
28548
28549
28546
28547
28544
28545
28542
28543
28540
28541
14122
6495
14249
1831
20032
22508
22889
22882
22884
11519
263123
263127
27666
27667
27661
14000
6590
11083
11087
16960
18592
13544
28430
3905
7974
28472
28473
28470
28471
28476
28477
28474
28475
28478
28479
27780
14178
8151
7408
20173
7056
8140
28539
28538
28537
28536
28535
28534
28533
28532
28531
28530
28391
28390
28396
28395
28394
28399
11677
21692
7438
28483
28482
28481
28480
28487
28486
28485
28484
28489
28488
16531
13579
5633
