278
10706
262921
28400
3454
7125
7080
28565
28566
28567
28560
28561
28563
28568
28569
262920
22566
2904
11888
26595
18734
8007
10560
262913
262914
262919
22908
26618
18532
28493
28558
28555
28554
28557
28556
28551
28553
28552
19373
11617
18846
16596
3484
27673
27672
17249
10847
11172
28373
28372
28375
28374
28377
28376
28379
28378
26620
22011
12034
19038
28460
28469
3640
10479
6332
28502
28503
28506
28504
28505
28508
28509
27705
27704
3548
15236
263167
13999
21520
28438
15107
19259
3632
28570
6503
22894
7399
4493
2708
3596
13440
7325
23495
28529
28520
28521
28524
28526
28381
28382
27681
27689
28498
28499
28494
28497
28492
10420
17072
2549
22122
3968
28511
28510
28513
28512
28515
28514
28517
28516
28519
28518
6342
19332
6065
1840
3141
263150
7184
11136
16762
21603
10436
28548
28549
28546
28547
28545
28542
28541
6495
14249
1831
20032
22882
11519
263127
27666
27667
16960
18592
3905
7974
28477
28474
28475
28478
27780
14178
8151
7408
20173
8140
28538
28535
11677
21692
7438
28481
28480
16531
13579
