131310
131313
133874
4769
45344
133461
45960
133114
24218
24442
133631
55571
58622
9739
9655
132494
10204
24373
56092
133014
134069
131299
55420
45808
45668
17992
56111
132318
132872
132874
58796
9728
56286
133168
133169
133164
24000
132432
132435
132882
132885
24321
133040
18227
132601
24514
132104
133490
133755
132688
132689
132197
55856
4788
45945
9534
55951
55950
133135
38792
132035
132434
55761
56231
58983
38891
132444
45220
17784
132170
55405
132376
45909
134088
45331
17971
132012
132850
38006
38005
133609
38278
55710
4818
45182
38322
10211
9833
56181
24068
24063
133437
45810
23659
56109
17736
132326
134066
132514
132512
132704
133421
38868
133157
132901
10081
9986
38199
132426
24486
45579
131332
132111
132022
45842
45785
37997
131329
55840
133868
58578
45352
23736
133128
132546
133084
131202
46015
133444
133916
133918
17564
24461
10030
45839
56169
132354
59263
23678
45420
55520
55720
38182
55724
38466
133402
133408
56275
132274
133489
45512
132033
132890
24314
18253
45121
55827
55822
17650
24090
131686
45410
45412
45419
45630
132694
9930
132198
58910
133847
38044
45144
17464
10111
56229
56221
132241
55482
58812
24020
24028
55799
132196
18206
132089
2042
133936
17666
56140
131103
