37308
37416
37629
37369
36993
37023
37025
37637
37657
37258
30998
37230
327856
37686
37134
37400
37345
37661
37660
30984
37200
37249
37435
327763
327843
37626
37340
37472
36911
37591
37207
37248
37005
37001
327697
37192
37398
36938
36932
36933
29091
37555
37297
37480
37056
37058
37209
36954
37347
37127
37076
37565
37567
25163
16284
37269
37106
37104
37588
36873
37328
37536
37587
37234
37405
37452
36980
36957
36872
327705
327704
37378
37426
327810
37170
37178
37643
37377
37495
37581
37465
37636
30988
327684
327721
37702
37407
327729
37295
37506
37404
36923
36922
36921
36920
327723
29465
36887
327823
37125
37687
327807
37615
37077
37296
36970
37114
37194
37420
37540
37605
37433
37445
37443
33776
37681
37682
37688
37018
37676
37222
37088
37528
37521
37522
37466
37286
37280
37282
327784
37490
327803
37144
36979
37148
