58075
58073
50414
52102
29659
6819
15703
6815
6777
49562
43339
9193
42179
56473
12469
25525
33915
57088
52186
50295
31064
51647
51646
42894
39136
21159
21155
51089
51088
24841
35316
44074
42585
35156
34942
15670
42037
21392
34430
50266
35470
31383
20867
57124
34663
24652
41420
47863
47869
197731
33955
196752
8232
49820
197902
57638
35224
47994
16074
49784
57400
47207
42320
50874
34507
24753
56657
197985
51313
29073
30925
5583
5580
35024
8328
56421
57771
57485
12989
34233
34581
198012
56599
25433
47339
39164
41960
51050
16350
49427
31172
34612
42949
39704
12902
15480
20507
49627
49625
41880
41887
29300
30870
47601
16147
20495
20492
35735
197372
51696
56517
56510
8283
34616
34106
34109
34108
12561
50901
1888
34345
34343
30785
43407
43409
41117
28995
28997
21315
50673
25542
15879
5612
5615
49549
49548
49544
12859
15430
39637
20847
20844
8315
8312
23649
51857
48812
43293
58291
24785
33939
15693
15695
42093
48635
5418
5419
48997
51344
57029
56953
29028
35415
51661
47344
49750
50737
42492
35332
8455
47532
41095
5496
42755
12315
35383
50207
50208
3265
15966
43639
48729
30830
38930
41445
12634
43437
48522
44608
198334
34562
24730
50622
8211
58083
50424
197676
35201
42804
42808
44253
48869
44928
20896
34311
57795
43777
48645
197395
39647
39641
42416
9143
13169
8694
57717
24875
15466
16281
8954
49685
34215
34210
28685
25596
25599
2043
57504
43996
43995
21388
35467
200020
28878
29640
24642
30720
47125
42517
50554
30806
49250
44142
15509
44858
47628
42707
56390
57626
58141
29311
35090
197219
39591
51849
25042
16237
48056
29290
59542
29126
31212
39030
12871
52144
31022
44953
9150
13111
50799
197016
29529
50805
197156
51430
39309
41037
41038
8587
48972
57043
29001
28756
35782
56583
51942
51949
20857
12854
47829
42544
49981
50522
35705
56500
198730
198089
51571
51682
31615
1890
20562
38915
35579
33799
47172
47179
20769
48886
25077
16266
16265
50399
41696
39004
44439
57090
35260
41552
28888
42161
21478
21474
35069
35064
25182
13136
12415
12414
48392
8935
50311
50319
24793
15535
198203
34756
21162
51091
51097
198485
12945
15447
43190
13266
44321
24957
197908
48921
34427
57685
15435
51752
51758
25222
31477
39244
48037
48539
29462
50570
20969
197174
51920
28788
34141
42836
16065
21286
42158
29590
29591
34305
56453
43440
20710
42315
57872
41153
41155
8737
198694
51142
31533
31537
39059
29396
29391
29063
43350
49713
35030
197038
41480
16298
48345
35176
197132
51412
34968
40985
197302
34889
8608
25151
3300
24586
24587
38975
47112
21073
20953
41677
28806
47632
51514
31673
42267
12573
28836
49105
57146
20504
56738
47197
16243
58209
31209
39022
61029
51331
25395
31019
43821
5390
43366
9141
50072
13126
13127
57757
198462
31731
34012
15426
29263
49936
51425
44187
25459
41241
41248
31680
5524
15916
61349
49405
47836
198508
15625
15542
12323
50238
31251
47463
31603
21221
57172
48283
5417
47167
35027
51248
50381
50655
