58075
58073
50414
52102
29659
6819
15703
6815
6817
6816
6777
49562
42812
201403
201402
201401
201407
43339
9193
51928
42179
8861
56473
56789
12469
61956
201424
199106
199927
25525
33915
200071
62377
62370
57088
52188
52186
49249
50295
31064
51647
51646
42894
39136
21159
21155
51089
51088
24841
199522
199523
35316
59865
44074
42585
62245
35156
34942
15670
31597
42037
16131
60671
21392
34430
50266
35470
201405
201404
31383
201372
60781
20867
57124
34663
24652
41420
47863
47869
197731
199632
33955
199636
62125
199408
60107
196752
8232
201644
201647
200991
49820
35744
197902
57638
60021
60022
34174
35224
47994
16074
60404
49784
57400
47207
42320
59630
50874
199156
60476
60479
198352
59570
34507
24753
50684
56657
202072
202075
59776
197985
61004
61005
51313
25377
59985
59980
29073
30925
34710
5583
5580
60222
35024
8328
56421
57771
52050
60144
60142
57485
12989
201269
34233
34581
24996
61999
43054
198012
199835
56599
25433
47339
39164
41960
62408
51050
61329
16350
49427
58318
31172
34612
42949
39700
39704
12902
15480
43229
43225
20507
201196
49627
49625
41880
41887
59685
29300
30879
30870
202018
47601
15562
16147
49812
20495
20492
35735
197372
51696
51697
56517
56510
8283
59743
34616
34106
34109
34108
201873
201875
199053
12561
50901
1888
34345
34343
39784
30785
198769
198768
43407
43409
41117
8483
28995
28997
21315
50673
25542
15879
201634
5612
5615
49549
49548
49544
12859
60922
15430
39637
20840
20847
20844
62105
8315
8312
23649
42351
51857
48812
43293
60402
58291
59524
24785
60893
33939
15693
15695
201017
42093
48635
5418
5419
48997
51344
56372
57029
56953
29028
35415
51661
199264
47344
20689
49750
62454
62182
50737
51062
60131
42492
35332
60196
60332
201075
8455
47532
201989
41095
5496
51923
201510
201517
42755
12315
35383
50207
50208
3265
15966
43639
60712
60719
48729
30830
38930
51749
41445
12634
43437
48522
44608
61147
9065
198334
34562
24730
50622
199743
199816
8211
202014
202016
201597
12393
58083
50424
60000
201723
59929
197676
60358
35201
42804
42808
44253
44259
48869
44928
20896
62135
34311
57795
59857
61262
43777
48645
59753
197723
34486
30903
34734
197395
39647
39641
31311
42416
9143
13169
29521
8694
61387
57717
24875
201460
44069
15466
201286
16281
59841
59844
8954
49685
34215
34210
28685
201968
57845
61199
60820
8209
25596
25599
2043
57504
43996
43995
21389
21388
60666
35467
25413
200023
200020
202196
28878
3317
59427
59426
29640
24642
24646
30720
47125
42517
50554
30806
49250
44142
15509
201766
44858
47628
201650
42707
49838
61090
60941
56390
57626
198759
47425
201791
58141
199139
48792
57866
29311
35090
197219
24885
39591
202189
51849
25042
16237
48056
29290
59545
59542
59543
59540
29126
31212
39030
59783
12871
61018
61013
199752
52144
197629
31022
35255
44953
9150
20828
13111
62167
62164
50799
57744
198478
197016
29529
201780
50805
201279
197156
51430
39309
42072
41037
41031
41038
8587
48972
57043
60632
29001
28756
28754
35782
56583
51942
51949
61351
20857
12854
47829
42544
49981
197727
50522
60874
24967
35705
196613
56500
198730
198089
51571
51682
51687
31615
201330
1890
20562
38915
35579
61412
33799
47172
47179
198692
20769
62285
59599
48886
25077
16266
16265
49376
198316
50399
61200
41696
39004
39003
58064
62097
44439
60938
57090
59940
35260
201883
41552
28888
42161
21478
8873
21474
60281
35069
35064
61346
25182
13136
12415
12414
48392
196771
8935
50311
50319
199937
199939
24793
60883
61280
56611
15535
201024
198203
61044
57012
56943
56941
34756
41261
42470
21162
51091
51097
199036
198485
201560
60665
12945
15447
201731
60341
43190
49959
13266
44321
41785
199734
60805
24957
31586
201972
201975
201979
197908
48921
35460
198767
198761
34427
57685
31624
15435
48732
51752
51758
25222
61161
31477
39244
48037
49661
48539
29462
59393
50570
20969
197174
35607
51920
28788
60961
56602
59939
47407
34141
34140
42836
44935
16065
21286
42158
29590
29591
34305
34307
198972
56453
43440
20710
42315
57872
41153
41155
8737
198694
59560
51142
31533
31537
39059
62353
29396
29391
201682
29063
202120
43350
60239
60233
49713
29519
35030
52046
197038
41480
47886
201290
16298
48345
62266
35176
197132
51412
61180
34968
201055
201940
40985
199863
197302
34889
8608
15922
61331
25151
3300
24586
24587
38975
38970
47112
21073
199483
59698
1200
20953
44155
41677
28806
47632
51514
199970
60950
6842
6841
31673
201311
201866
200191
42267
12573
28836
49105
57146
60750
20504
56738
57462
199332
47197
16243
58209
59554
31209
57829
15840
201622
201089
201082
39022
48684
59791
61029
51331
25395
197631
31019
43821
5390
5399
44214
43366
60204
9141
50072
41982
13126
13127
51787
57757
198462
31731
34012
39292
61007
15426
29263
49936
51425
34938
44187
60626
199850
25459
47726
41241
41248
31680
5524
48418
15916
61349
60126
49405
59832
47836
201718
60322
60328
44694
59802
59800
62234
198508
15625
15542
201690
201521
12323
50238
62003
31251
47463
31603
201817
201628
21221
57172
48283
199664
61428
61429
5417
47167
58138
59662
35027
51248
58272
50381
50655
61212
202021
202022
