13052
8542
60908
57660
31169
201899
42175
201596
50304
61292
62248
59586
35157
60830
199791
25400
48469
28824
48708
202227
33822
30737
13212
29479
8786
34989
50562
198869
31264
50608
29695
28795
200037
34822
49788
49082
201419
52157
41729
59863
57522
48144
41222
200168
200163
15932
50989
25148
50531
60848
2603
15765
201309
198931
39783
39787
43401
35763
50213
198309
61238
5619
201098
59978
5381
44970
60270
51850
58298
50582
201130
48630
59720
21171
62186
8394
60130
48306
201074
62225
35132
196915
201627
57997
39197
43575
201822
60717
202204
60586
8210
41572
57423
201165
48863
196759
39832
62109
60584
58005
44764
44763
25351
6709
44511
60163
48376
199990
199999
57506
42022
58302
50272
50270
61300
49193
201577
25201
44381
60278
201656
9173
35754
61095
60942
59608
56809
60745
35094
44654
16234
197475
196788
202060
202068
224
200139
60052
31020
30950
31726
59438
47325
21119
43516
199566
197090
34087
38990
8478
50521
50484
41741
16175
35703
197943
2119
2116
31005
29486
57280
58264
202033
49574
13069
56867
201888
42980
50313
15688
198204
16186
16185
198368
202174
47953
20696
29543
200007
49952
24959
47528
197909
60687
50217
6829
43568
21201
197519
25225
202230
47853
41392
202008
49586
60037
47405
57963
56828
21293
29517
199900
61275
59767
56334
49262
21331
29065
202128
42400
41483
12994
12996
61188
15659
201948
51886
49455
3307
29492
31283
43905
44457
57381
31096
201454
199339
41164
49310
61227
51135
202059
202057
39029
31018
8896
61006
49278
49214
199852
49409
199115
57202
29607
12929
47831
43200
13243
48598
35687
199672
201992
48908
62002
56538
201322
41869
199454
197212
