45787
3747
9750
131318
38568
38560
23710
55872
17792
58960
38605
133878
4763
4768
131187
38037
4049
133636
133090
133096
58624
9652
132745
133927
133928
9327
9325
134091
132027
45164
45267
9427
9281
10200
55785
133906
133908
134062
38064
38065
45637
131291
18199
24074
45809
38319
17484
3711
131583
132588
133870
18006
17994
9511
4610
23934
132870
18348
132509
133729
3929
58610
55887
58936
58938
58444
38473
38477
38479
17914
45585
9896
9898
133162
24054
38881
45215
4831
132375
23960
23878
38748
18159
38299
38292
38290
38294
133599
132268
132264
23754
9303
133186
9901
24006
24005
132431
131168
132881
132887
17435
7599
9236
9233
24324
133043
133950
2925
133366
17646
55300
132347
133756
45463
132687
55850
55853
55857
18198
133857
59357
132722
45943
45946
55397
45190
9445
23977
56030
56036
38793
58988
132066
45641
9343
9344
9345
55702
55703
55485
132449
201988
45249
132042
38711
133075
133079
133920
10022
132744
132235
4771
18015
56174
56171
132917
55368
45822
133187
7657
133188
45459
3773
131305
133532
45831
24548
55860
17705
4770
133474
133473
9399
23916
133108
55936
133101
132857
132854
38003
38827
2756
38590
133601
133604
133607
58631
55716
9662
133887
133884
132284
131227
55746
133192
24226
133785
45279
9439
37979
24384
56068
3787
133026
45563
9834
56186
56189
17649
5709
38305
38300
45480
45738
132596
45131
45135
45138
133502
17808
2569
199307
132125
23655
132040
56101
9500
132861
18378
45181
24107
55502
45586
7901
132709
38441
133420
55719
63830
63839
38079
133154
17472
17474
133218
24189
9469
9790
38485
58666
56216
56214
132255
131254
38140
132155
18400
18407
63519
7584
24484
132096
45140
133393
133396
133399
132919
133745
132832
9248
9245
45473
45476
45475
37999
131323
131328
133852
45620
59213
132736
55759
45354
45359
133451
9559
23735
23737
131198
131193
131196
23684
133124
38025
38022
45285
45280
24459
18119
59292
131209
38437
9436
9433
9431
9338
23603
37974
4830
4834
23838
46075
133915
45191
18017
132143
132149
55436
55435
4667
38329
132352
17492
131110
45116
17752
132456
38626
38624
38190
59266
2537
55729
9560
9561
132304
23905
23904
681
132840
18352
18353
38018
38833
17412
17410
9483
9733
9736
132534
24466
55524
38586
38492
58600
38189
17902
7714
133459
9887
133404
7696
133035
132074
55561
55454
132034
24011
132036
132031
132403
45177
45172
131174
131176
132898
24318
133579
18021
133370
17746
131443
17656
56137
9537
132333
132815
132810
132357
23746
56304
45631
45633
24111
132697
132692
55516
131340
24183
24181
132712
38451
45950
58423
58421
55715
23958
55946
55948
9495
24192
9727
24398
38178
45222
45230
10110
9470
9788
23869
56028
132912
132918
132001
132003
132240
55793
24025
132457
132452
132450
24347
58742
23973
18202
17542
45179
63925
38906
38900
132161
17664
17663
9876
9872
4648
133770
