52468
52469
263171
262225
263733
52264
52261
27945
27944
27649
27812
27819
6193
262248
28064
28063
28062
197006
27990
23360
27914
27915
27679
22010
52365
27842
262211
262218
10476
27788
28031
52245
27922
27928
11556
21599
263203
262933
27832
262267
27760
27764
28043
52336
52337
27755
27972
21883
28113
28112
10391
22382
27796
28092
52302
27860
27867
26105
28018
49778
27726
27723
27687
61491
27850
18809
28079
27778
27956
27959
26426
52446
27783
27786
263215
263211
27802
262255
28071
28030
7103
27938
27939
52284
52288
262198
27749
52437
22628
27854
28061
27873
14377
262227
262144
28005
14709
15075
27716
11673
27930
27936
22227
3551
15241
28316
