9256
9254
45449
18025
17796
38609
38606
133879
45343
131180
23964
17433
55303
55547
38268
38262
9658
132296
131212
55704
24131
59322
132021
133780
7544
9425
24377
56099
56095
18187
132059
17894
17895
9821
23665
24079
24070
24071
23887
38539
17811
63938
58526
38180
17636
18009
17721
17723
9515
23933
23930
45559
9497
132505
55730
38471
45936
7707
133922
45580
4863
38885
45218
10139
38741
38291
4759
18389
56207
131245
133498
133499
24505
9235
9232
24494
18226
45155
45156
133369
132103
45754
56128
38445
133754
45464
45462
45791
45799
58575
9927
45600
55477
58435
58437
133132
17452
10107
133432
18392
18396
45221
55798
10224
131289
131288
132046
18214
38717
17550
38483
18005
18016
55402
38334
17970
9742
131303
23701
133334
132904
4775
4779
45330
17973
45531
59325
132853
38279
58633
58635
38463
133886
131228
24221
23996
63848
63846
45893
9299
56066
133020
56262
56269
132206
132204
132209
56188
133436
38304
24306
23894
18249
132595
55833
18188
56100
132495
132862
38811
56316
56313
58809
24102
24106
59243
59244
56299
133426
17921
17476
56212
6163
59366
132156
6648
58756
58757
24487
18233
132913
132110
58884
59334
9386
55343
7491
45782
45789
7495
24179
38577
38575
45622
133195
45593
45351
38822
38823
23732
24241
131197
23689
23680
24081
17448
24458
24456
24451
38867
133623
133622
18114
18115
133858
55939
9334
23605
23606
24383
45759
18194
18190
132229
132223
45832
18018
132141
23660
24551
55431
55437
56164
131121
7629
23944
131281
55347
58604
55812
45664
24298
132844
132843
59320
38581
133611
38491
38183
9670
38467
38460
45598
23988
17639
10141
45209
133039
55565
56034
59342
59348
131171
7611
45499
132615
45126
55821
17749
133379
133377
45578
24094
24091
132483
45865
132814
132819
18360
55650
38301
24119
38553
45608
59235
132193
132199
58706
58709
132716
133140
9442
23862
58677
10096
56222
132246
132792
132454
45771
58748
38722
133064
38909
3550
55413
58891
45858
133778
133198
132826
