18025
38609
38606
45343
23964
17433
55303
38268
9658
55704
132021
56099
56095
18187
132059
17894
17895
9821
23665
24079
23887
38539
17811
17636
18009
17721
17723
23930
45559
9497
38471
45936
45218
10139
38741
38291
4759
133498
133499
9235
9232
24494
45155
45754
56128
38445
45464
45462
45799
58575
9927
45600
55477
58437
17452
10107
18396
45221
55798
10224
132046
18214
38717
17550
38483
18016
55402
38334
17970
131303
4775
4779
17973
45531
38279
38463
45893
9299
56269
132204
132209
38304
24306
18249
55833
18188
38811
24102
24106
17921
17476
56212
6163
6648
24487
18233
9386
55343
7491
45782
24179
38577
45622
45351
38822
38823
23732
24241
23689
24081
24456
24451
18114
18115
9334
23606
24383
18194
18190
132229
132223
45832
18018
23660
24551
55437
56164
7629
23944
131281
55347
55812
45664
24298
38581
38491
38467
38460
45598
23988
17639
10141
45209
55565
56034
7611
45499
132615
55821
45578
45865
18360
38301
38553
132193
23862
10096
132246
132454
45771
38722
38909
55413
