45446
58468
23750
58467
9541
23966
55541
38264
58626
59323
45748
9940
38488
56192
23888
45669
4615
38808
55534
58614
58617
59257
59254
17911
45939
63954
24499
133495
56126
38547
58876
55399
45195
24051
58987
23674
55483
45246
18212
38713
38710
17557
17787
9260
133531
38616
24440
17539
45605
37973
18173
45814
59260
17626
58801
55501
55714
56052
132788
7590
58804
24435
38196
55340
45843
9387
58974
9557
58515
45252
17563
56167
4661
58680
55816
38193
132531
38584
58609
58602
45595
133932
55453
58470
132891
45127
58506
132691
132690
9937
45779
45773
58743
58746
58745
133933
133540
132165
55414
58895
58893
55356
58512
