196666
44792
62081
40961
40969
12831
8545
50411
56579
57665
52101
52106
60018
29653
197667
35215
6778
49564
12580
44914
43333
51927
49151
48208
42177
42171
8865
21404
24578
34325
34324
197250
56470
56475
56783
198430
198752
33895
34045
47250
47252
42374
12464
50840
197437
197431
29251
34284
35628
56628
25523
41335
48659
44714
12985
41079
51986
51980
199715
198040
198042
198043
198048
198163
51648
31306
31304
39133
9112
20680
198851
44501
29535
29536
50759
8374
197833
57701
52064
24848
196872
197586
197588
197057
35318
42914
15470
47755
57986
49946
34208
34209
197113
197111
51290
196935
198577
198579
33990
33996
39349
31599
42039
16138
199974
43026
48119
34431
34435
197321
57321
31381
15967
41959
41952
42204
42202
48464
8664
198628
57122
57121
43616
43619
197502
197503
197507
30816
30813
50014
38950
35538
51769
56752
41421
33826
30730
30731
30732
47281
42503
57101
34986
50561
24928
31267
50606
50607
57811
43929
43920
41385
39897
41650
34392
34390
44860
49822
28797
28793
35745
51393
51390
51394
51399
197900
197903
57632
57630
34826
31658
35229
51960
43888
43695
16380
57875
49785
49787
8834
50095
8501
197201
57404
199319
56904
13293
42328
41142
57249
43153
34509
24756
35671
51484
51155
39816
42520
34999
39041
50444
197982
51310
56324
52153
21328
197614
197615
30923
34719
43803
41511
41519
39661
49708
44535
50153
29501
8326
8323
196844
57488
197005
197003
197009
35342
57239
41499
44044
49001
198604
8970
50355
35187
197124
57520
57524
15396
39338
39330
41023
197735
48963
43058
57055
197697
198014
50253
56597
56590
51619
25439
43596
39914
34891
197734
39168
31372
21123
41966
20656
24738
50988
50987
47520
21244
21243
198197
198190
49424
49420
198221
196681
29620
43679
24597
47812
42573
42576
198106
49998
29305
196969
198529
196730
197761
197764
197766
8246
15563
197224
197064
198098
198094
12346
20491
44440
51566
197956
197950
8286
56511
31080
51931
44284
42877
28815
50900
1887
197552
31181
198115
198112
42118
34342
197233
51717
198935
30782
47189
31431
31434
41809
35760
48896
197459
49300
49242
29103
24709
51104
51101
41358
41356
15878
15874
41687
31573
5616
5617
39014
49543
49895
57643
12423
197649
197645
35274
35275
30975
41522
28893
56869
42199
8886
48487
51792
196818
25191
198416
198414
198413
34069
39288
47275
47273
196702
196707
57942
57945
50829
43290
42656
29272
49926
197448
50366
197447
197177
50584
35601
56609
57556
39869
196964
15694
39091
42092
48633
48636
44732
44190
56373
198029
198023
29023
34765
25468
49731
41253
41256
47964
5550
39112
12774
42445
49753
41930
41931
29553
197854
51068
51064
51060
57723
52009
42490
196899
196891
196890
198495
198493
198490
198498
58321
31129
35337
42932
42935
57896
57890
41776
30753
13274
197513
197837
8458
50505
197262
198518
198517
15618
43941
41097
47672
16110
197345
35498
35491
197966
56523
57698
34844
34845
47476
39195
51976
43570
15969
43638
20540
198272
198271
198277
198278
30838
34393
24671
41442
47847
31409
39255
43435
48523
44603
29451
51237
196998
196999
197378
196994
198591
198597
198594
198595
197377
197480
31242
24732
50625
56515
44415
28978
50426
50423
50421
57613
197672
197678
39198
35209
43867
43862
6873
43325
20898
49149
49143
49141
198140
198146
196652
197265
35596
197887
56449
56441
29254
198424
198428
39566
47223
47229
8726
12476
57221
43171
43172
43173
197405
197408
48002
34298
50331
197186
197187
197181
51175
39834
41322
31528
15373
44490
197724
51373
51996
49258
198073
198072
34730
50101
197396
197399
31315
31310
12741
12743
9103
21495
21182
21187
44514
44518
29522
197809
197804
197801
197800
42594
57713
57715
57718
52079
24879
196866
197027
197025
197020
44061
12968
41740
34985
47741
43244
16288
16283
198627
29228
29223
29227
34212
28689
35007
59444
57501
56408
198547
198540
15665
47502
42021
198214
48947
197238
58307
197231
34409
34402
50188
28722
197318
197310
51589
51587
35463
51636
25410
56983
57332
41201
41207
20670
62421
49197
49190
198242
198241
48712
29398
29649
29642
197087
38942
38944
51774
51772
42968
42963
42966
41434
47876
30726
47290
42778
47129
47128
39261
21068
21064
44382
8798
50550
50557
51208
51203
20947
197709
197702
197701
197704
43914
39883
41662
41660
15503
15507
44859
44856
44855
42709
49831
35752
197939
197933
197935
197936
56575
25495
56391
39412
31646
34169
42272
35281
44262
49631
198655
42131
48791
48790
29314
29318
57478
57476
51261
44370
39599
42667
48559
44655
41178
43144
197479
197472
34530
57905
39800
15855
15857
15851
33951
15587
39039
42782
49528
51864
48690
48694
44758
12877
8508
50450
51323
52142
197621
197620
31026
197755
41508
44959
43371
20829
48248
43688
13110
13119
196830
60158
42483
197011
35355
57889
39310
49792
44033
198674
198673
42673
45026
50349
35191
35199
35198
197155
197154
51436
57536
198257
34902
52078
43705
48707
41036
8588
43062
57042
48157
198004
198007
198000
198001
29007
34789
35787
35785
35434
25443
39698
41235
41237
197285
41580
47329
47322
39171
39174
21111
51944
51948
43512
41912
48428
48424
25138
16340
16342
21259
42739
198216
197093
197091
31105
31106
50054
24619
38991
39716
41796
41790
30778
47790
43493
43498
21344
42547
49633
49989
35115
8477
196979
196974
50481
20938
198537
43968
43963
43962
43961
12966
44175
44176
41618
20486
198081
50489
50480
197368
197367
197363
51683
197946
2115
57360
57367
42246
48859
197544
197543
48295
48742
57832
30851
57998
56712
56713
39794
198119
41468
41464
33869
33868
33863
47175
31423
12618
57254
43412
20763
48505
44663
44666
44080
197105
25070
25075
16263
198829
51879
9085
49370
198263
198317
31229
34546
34544
51111
47695
5629
39008
44783
13065
12824
12827
50408
52110
197656
39625
42194
34339
34330
34337
35063
35060
196806
196802
48267
198401
198408
39547
34076
34075
42361
42986
42981
44004
41188
47728
50830
49047
43118
43117
48395
42644
42643
198646
198642
48024
48023
48022
48021
196776
29245
198397
34275
50312
196637
60884
15537
39856
57569
33901
31505
39085
43758
42084
48626
16182
52195
56945
56949
198055
198053
198051
198050
31071
41266
198410
21169
35323
49743
50728
8364
197824
197828
196889
196887
196883
197599
197592
197049
197048
35306
30883
42900
15443
48311
60801
196927
196926
196928
56544
15606
39375
21010
44124
47640
48922
43015
198766
34424
197336
57355
31628
31621
6714
43607
20555
20553
20552
57807
198262
29665
34656
196972
38921
38923
51750
47850
33833
33838
39243
12642
42531
41841
48534
57966
35695
197496
197494
20960
48782
50638
43939
43932
41398
41642
41643
41647
15521
44874
25084
43091
48189
48183
28785
35778
50434
197910
197918
57608
52124
52123
15728
39439
47401
47404
35235
35232
44249
42832
42830
41567
56826
43681
20889
21288
48224
48227
198151
198156
198158
56838
42153
42154
196649
29596
29593
50086
197272
197270
197274
197892
197891
29512
43447
196677
41692
48850
43169
57258
197410
197418
198695
57921
198344
24740
24748
28678
197530
56646
51146
25506
41312
41314
41319
196858
43769
43762
58017
41056
51305
61078
198067
197600
197605
197608
34494
30932
31045
197382
41297
41299
39670
197294
197295
42402
42401
20808
20804
49715
44523
50777
197810
197811
196853
196855
198742
198453
198457
198458
42746
49290
197031
197037
35378
8535
41487
47888
47884
12990
12992
28950
43253
16296
16291
16290
49035
198611
29235
29232
8962
35179
35174
197135
197136
51414
24985
25584
34969
15652
43982
43985
42058
200094
197099
48956
57065
197682
197680
48136
50247
50243
28732
197300
51590
51620
39907
39909
57305
41218
41212
47305
47303
47301
39489
39487
21132
43535
48446
50993
50994
16366
198187
199585
198235
198232
198231
198230
42619
196729
196728
31165
34604
42971
41406
12912
52203
49611
49616
29414
197790
57594
57593
57592
24906
196951
197776
31281
31280
41676
8256
47633
198713
44454
13000
51513
51517
35720
197928
56381
34805
39403
42266
42261
49109
49102
56819
43674
42107
48764
8819
15384
30876
198164
197227
197226
197220
34688
48213
30793
39219
43470
43476
41835
48565
44643
8766
50898
31540
28982
51272
51277
25055
57263
48047
196792
196795
34525
50661
25557
25552
196898
42797
42796
49888
13086
50467
51337
197072
25390
34199
39603
44962
44966
43363
198704
20853
8890
44551
50786
8308
196826
198467
31199
34252
34254
197142
41777
50599
51426
39873
33923
34937
47544
21324
42064
48606
41006
41004
41005
44183
25313
43073
198038
198035
198036
51675
51671
15744
31683
5526
5527
31032
47356
47357
39109
42453
42454
43505
43506
49761
41908
29563
50705
8380
197840
197844
197849
197848
51079
51075
52031
47396
34635
34637
38987
42927
42923
42928
39760
47830
42552
45016
44692
44342
51863
35126
35124
196909
196903
35686
20909
198509
15624
9016
197747
197748
197749
56682
197165
197162
41621
47660
15541
8267
16167
198746
198743
12324
12328
49876
47709
50239
50231
197838
50493
197356
197977
197971
197979
47468
47466
15787
31608
31604
20635
15997
15993
57170
197570
197572
197721
198289
30824
59460
35502
56709
41476
31412
47160
21021
43420
49649
41865
41860
20778
48516
41137
29445
50767
16274
196985
196982
196980
49185
20983
198327
198329
48246
50387
24724
24723
197527
197215
44896
