199390
196666
44792
58077
62081
40961
40969
12831
8545
50411
56579
57665
52101
52106
60018
29653
59958
197667
35215
6778
201893
49564
12580
44914
43333
60782
199005
51927
49151
48208
42177
42171
198176
8865
21404
24578
34325
34324
197250
198998
198995
198992
56470
56475
57789
56783
199340
199341
198431
198430
198752
33895
34045
47250
47252
42374
12464
50840
199107
199105
197437
197431
60421
60425
29251
34284
201136
199929
201132
35628
56628
25523
41335
48659
44714
12985
41079
61056
51986
51982
51980
52185
31079
199715
198040
198042
198043
198048
198163
51648
202100
31306
31304
39133
198857
9112
198854
198852
20680
198851
44501
29535
29536
50759
8374
197833
57701
52064
24848
196872
197586
197588
197057
35318
42914
198811
15470
47755
199149
198637
57986
57980
57983
49946
34208
34209
197113
197111
51290
60831
196935
199222
198571
198577
198579
33990
33996
39349
31599
42039
199428
16138
199974
199028
43026
199794
198777
48119
34431
34435
197321
199964
199965
57321
199212
202185
31381
201373
15967
41959
41952
42204
42202
48464
8664
61311
198628
57122
57121
21210
43616
199615
43619
197502
197503
197507
48700
59435
30816
30813
50014
38950
35538
51769
56752
41421
202228
202220
202226
33826
30730
30731
30732
47281
42503
57101
201068
34986
50561
24928
198865
199409
199407
199402
60101
60106
31267
50606
50607
57810
57811
43929
43920
198999
41385
39897
41650
34392
59415
34390
199538
44860
200999
49822
199888
28797
28793
62050
35745
51393
51392
51390
51394
51399
197900
197903
200031
57632
57630
34826
59901
31658
35229
51960
43888
201845
201439
201434
43695
16380
198125
42125
57875
49785
49787
8834
50095
8501
197201
198948
198945
57404
199319
199057
201149
56904
13293
42328
41142
41149
57249
43153
199151
59572
59579
34509
24756
61242
35671
51484
56658
51155
39816
39813
41309
42520
34999
201519
39041
62321
62328
59771
50444
201253
197982
51310
56328
56324
201257
199723
199720
52153
21328
197614
197615
59990
30923
34719
43803
41511
41519
39661
49708
44535
50153
29501
8326
8323
196844
57480
57488
198442
197005
197003
197009
199389
35342
57239
198822
41499
44044
60380
201264
49001
198604
8970
50355
35187
197124
57520
57524
15396
39338
39330
200088
200089
41023
41026
197735
48963
43058
57055
197697
60645
60646
198014
50253
199831
60968
56594
56597
56590
51619
25439
43596
39914
34891
197734
39168
31372
201388
21123
41966
20656
8633
24738
50988
50987
47520
21244
21243
198197
198190
198199
49424
49420
198221
196681
199678
29620
43679
24597
60755
47812
60309
42573
42576
198106
49998
62213
59686
29305
60844
196969
199296
24918
198522
198527
198525
198529
196730
197761
197764
197766
201036
201489
8246
15563
197224
197064
60534
198098
198091
198094
12346
20491
44440
62397
62393
62025
51566
197375
197956
197950
8286
56511
31080
201307
51931
44284
42877
28815
50900
1887
199648
197552
31181
198115
198112
42118
34342
197233
51717
198935
198937
199322
199323
30782
47189
31431
31434
201113
41809
59607
35760
48896
198838
197459
49300
49242
29103
24709
61233
51104
51101
41358
41356
15878
15874
41687
31573
201638
5616
5617
201091
39014
49543
49895
60920
57643
12423
199774
197649
197645
59977
35274
35275
30975
41522
28893
56869
60271
42199
8886
48487
51792
56412
196818
25191
198418
198416
198414
198413
34069
39288
47275
47273
196702
196707
196706
57942
57945
198804
50829
201787
43290
201258
57213
48381
42656
49386
198383
29272
49926
197448
50366
197447
197177
197170
50584
35601
56609
57556
39869
198835
196964
15694
201488
39091
201019
42092
42098
48633
48636
201904
201908
44732
200053
44190
199436
56373
49228
198029
198023
60617
29023
34765
199953
25468
49731
41253
41256
202162
47964
5550
199265
199260
31329
39112
12774
42445
49753
41930
41931
62457
29553
197854
51068
51064
51060
57723
52009
42490
196899
196891
196890
198497
198496
198495
198493
198490
198498
58321
31129
35337
42932
42935
57896
57890
41776
30753
30759
60335
60336
48301
13274
44354
197513
197839
197837
59491
8459
8458
50505
60810
201629
197262
198518
198517
15618
43941
199353
41092
41097
198269
47672
16110
60695
60692
198751
197345
35498
35491
197966
56523
57698
198389
34844
34845
47476
6885
199378
39195
51976
43570
62308
15969
52087
43638
60713
20540
198272
198271
198277
198278
30838
34393
61434
24671
41442
202205
47847
33807
33806
31409
199069
199065
199061
199060
39255
43435
20781
48525
48523
44603
29451
51237
61142
196998
196999
197378
196994
199464
198591
198597
198594
198595
197377
197480
197739
31242
24732
50625
56515
201663
201661
201592
60563
60565
44415
28978
50426
50423
50421
57613
60007
201724
201725
59922
197672
197671
197678
39198
35209
43867
43862
6873
201412
43325
60243
20898
60795
49149
49143
49141
198140
198146
196652
57897
197265
35596
197887
198962
56449
56441
29254
199371
198424
198428
39566
47223
47229
201202
201169
8726
12476
57221
201209
43171
43172
43173
197400
197405
197408
48002
34298
50333
50331
197186
197187
197181
199910
199912
199915
51175
61267
39834
199475
41322
31528
15373
44490
60589
199919
12887
197724
51373
51996
49258
199709
198073
198072
198078
198803
201143
34730
50101
197396
197399
31315
31310
12741
12743
9103
21495
21182
21187
44514
44518
29522
50742
197809
197804
197801
197800
42594
57713
57715
57718
52079
24879
196866
199517
199510
197027
197025
197020
44061
12968
41740
41744
34985
47741
43244
16288
16283
198627
198118
29228
29223
29227
34212
28689
35007
51465
59444
199234
57501
56408
198547
198540
15665
47502
202006
201049
201048
201046
201044
42021
201953
201954
198214
48947
197238
58307
197231
200061
201562
199787
198782
198788
34409
34402
200142
50278
50188
28722
197318
197310
51589
51587
35463
51636
25410
56983
57332
41201
41207
39499
200104
41945
20670
62421
49199
49197
49190
199590
198242
198241
48712
29398
29649
29642
197087
38942
38944
51774
51772
42968
42963
42966
41434
47876
47879
21395
30726
47290
201754
42778
47129
47128
39261
21068
21064
44382
8798
50550
50557
51208
51203
198891
198897
198896
199410
60964
199416
20947
197709
197702
197701
197704
199807
60276
43914
39883
41662
41660
15503
15507
60279
44859
44856
44855
201655
60552
42709
198707
49831
199899
199896
41702
199890
199891
201182
201180
35752
197939
197933
197935
197936
56575
25495
56391
39412
31646
34169
200184
42272
35281
44262
49631
198655
201793
201790
201448
199138
42131
198131
48791
48790
29314
29318
34360
57478
57476
51261
61171
44370
39599
42667
48559
44655
41178
43144
199147
197479
197472
197474
60466
60463
60468
199492
199494
58237
197457
34530
61256
56662
57905
39800
15855
15857
15851
33951
15587
200966
39039
62438
42782
49528
51864
58035
48690
48694
44758
59782
200138
12877
8508
50450
51323
199754
52142
197621
197620
200011
31026
35253
43816
199943
197755
41508
44959
43371
60217
60219
43598
20829
48248
43688
13110
13119
197217
196830
60158
42483
199381
31729
197011
35355
57889
39310
49792
44033
60191
60399
198674
198673
198671
42673
45026
201001
50349
35191
35199
35198
197155
197154
197151
51436
201549
57536
201637
198257
34902
52078
43705
48707
201925
41036
8588
61983
43062
57042
48157
198004
198007
198000
198001
29007
34789
199846
199845
199842
35787
35785
56589
35434
25443
39698
41235
41237
197285
41580
202142
202141
47329
47322
39171
39174
21111
51944
51948
43512
200176
41912
48428
48424
15902
25138
16340
16342
52020
21259
42739
198216
197093
197091
31105
31106
50054
24619
38991
39716
41796
41790
30778
47790
60317
199076
199075
43493
43492
43495
43498
21344
42547
49633
49989
62201
35115
8477
60877
196979
196974
50481
20938
57641
198537
198533
43968
43963
43962
43961
12966
44175
44176
41618
201532
201531
198734
20486
198081
50489
50480
197368
197367
197363
51683
197940
197946
2115
57360
57367
201332
201334
60528
201801
42246
48859
201472
197544
197543
48295
48742
57832
30851
59472
59471
59474
59670
57998
56712
56713
198906
198900
198909
39794
198119
41468
41464
198663
33869
33868
33863
47175
31423
12618
57254
57255
43412
20763
48505
44663
44666
44080
44082
197105
25070
25075
199192
16263
198829
51879
9085
49370
199442
199449
198263
198317
3170
198268
31229
34546
34544
61203
51111
202037
202036
47695
5629
39008
44783
13065
12824
12827
50408
52110
199761
59948
59945
197656
39625
60263
42194
34339
34330
34337
35063
35060
198984
198982
196806
196802
48267
199358
198401
198408
39547
34071
34076
34075
42361
42986
42981
44004
41188
47728
50830
49047
43118
43117
197427
60434
48395
42644
42643
198646
198642
48024
48023
48022
48021
196776
57978
29245
198393
198397
34275
50312
44372
199936
196637
60884
60888
61288
61289
15537
39856
57569
199252
199250
33900
33901
31505
39085
43758
201029
201020
42084
48626
51353
16182
52195
199091
56945
56949
198055
198053
198051
198050
31071
50121
41266
202177
198410
21169
35323
49743
42299
50728
8364
197824
197828
196889
196887
196882
196883
198489
199034
197599
197596
197592
197590
201567
197049
197048
35306
30887
30883
42900
15443
201737
48311
59828
62258
60809
60801
60806
196927
196926
196928
198560
56544
15606
39375
21010
199815
199810
201977
44124
47640
48922
60195
43015
201504
198766
34424
197336
57355
47482
31628
31621
31623
199113
201342
6714
201836
200125
60189
43607
199601
58350
20555
20553
20552
57807
198262
29665
34656
34651
196972
38921
38923
62237
51750
47850
33833
33838
39243
12642
42531
41841
48534
57966
199197
61134
35692
35695
199473
197496
197494
20960
20961
48782
50638
43939
43932
41398
41641
41642
41643
41647
15521
202007
202004
44874
25084
201581
43091
60579
48189
48183
62060
28785
35778
50434
51381
197910
197918
57608
52124
52123
15728
39439
47401
47404
35235
35232
44249
42832
42830
41567
201423
201427
56826
43681
20889
21288
48224
48227
198151
198156
198158
56838
42153
42154
196649
29596
29593
50086
197272
197270
197274
197279
197892
197891
198975
198971
198979
199368
199363
29512
43447
196677
41692
48850
43169
57258
199166
197410
197418
198695
198696
60448
57921
198344
24740
24748
197813
28678
197530
56645
56646
51146
25506
41312
41314
41319
196858
202081
43769
43762
58017
41057
41056
51305
61078
49269
198067
197600
197605
197608
34494
30932
31045
197382
201561
41297
41299
39670
197294
197295
202121
43357
42402
42401
20808
20804
49715
44523
62147
50777
197818
197810
197811
196853
196855
60177
198742
199503
198453
198451
198457
198458
42746
49290
197031
197037
35378
8535
41487
47888
47884
12990
12992
28950
43253
60378
16296
16291
16290
49035
198611
198613
29235
29232
8962
199982
199980
199981
35179
35174
197135
197136
51414
51415
24985
25584
34969
198557
15652
201054
201053
43983
43982
43985
42058
200094
197099
48956
57065
57061
197682
197680
60658
60652
48136
50247
50243
28732
197300
51590
51620
39907
39909
57305
41218
41212
47305
47303
47301
39489
39487
21132
43535
200115
48446
196679
50993
50994
61338
199978
16366
198187
197528
199584
199585
198235
198232
198231
198230
42619
196693
196729
196728
31165
34604
42971
41406
12912
47802
199198
201742
201743
52203
49611
49616
202002
29414
197790
60850
57594
57593
57592
24906
198884
198880
198881
198888
196951
197776
31281
31280
199411
199413
41676
8256
47633
42717
198717
198713
44454
13000
62031
51513
51517
35720
197928
56381
34805
199201
39403
42266
42261
198689
201450
201451
49109
49102
56819
43674
42107
198104
48764
48765
8819
15384
30876
198164
197227
197226
197220
34688
198928
198927
198924
198922
198921
48213
199338
198322
30793
39219
43470
43476
201122
41835
48565
44643
59611
8766
50898
31540
28982
51272
51277
25055
57263
198377
198374
48047
196792
196795
59555
59556
59551
34525
50661
25557
25552
196898
202050
200974
42797
42796
49888
13086
50467
51337
197072
200001
25390
60047
199356
197630
34199
35248
43825
39603
44962
44966
198709
43363
198704
20853
8890
44551
50786
8308
196826
199043
198460
198467
198465
31199
60418
45030
34252
34254
197142
41777
197146
50599
51426
199721
39873
199279
33923
34937
47544
21324
49277
42064
48606
201915
41006
41004
41005
44183
25313
43073
198038
198035
198036
60624
199857
199859
51675
51671
25457
41247
15744
202151
31683
5526
5527
31032
47356
47357
39109
42453
42454
43505
43506
49761
41908
41907
29563
50705
8380
197840
197844
197849
197848
51079
51075
52031
199551
199550
47396
58334
58335
31118
31116
34635
34637
60048
38987
42927
42923
42928
39760
47830
60323
60327
42552
45016
44692
59804
44342
51863
35126
35124
60869
196909
196903
196901
35686
20909
198509
15624
9016
60816
197747
197748
197749
56682
202133
199671
201990
197165
197162
41621
47660
15541
8267
201695
16167
198746
198743
42747
12324
12328
49876
47709
50239
50231
197838
50493
197356
197977
197971
197979
47468
47466
15787
31608
31604
201323
201327
201328
201329
20635
201814
201819
15997
15993
57170
197570
197572
60705
197721
198289
30824
59460
199667
35502
56709
198915
198910
41476
31412
47160
21021
43420
49649
41865
41860
198133
20778
48516
57863
41137
29445
50767
61158
16274
16270
196985
196982
196980
49185
199451
199453
20983
198327
198329
3169
3165
48246
29167
50387
24724
24723
61216
61218
197527
197215
44896
201617
201615
