12833
6773
44222
31497
201170
31513
9118
13156
42580
49941
2860
3243
29673
43887
59787
47202
199155
24768
201251
41962
199158
43643
33876
35766
28998
25060
201782
48631
43006
25253
31401
60353
9186
51171
15457
199993
43990
47310
13200
41708
12542
201449
8826
201276
43064
29003
5533
25137
38993
59819
196619
42863
1897
24698
41345
5626
44785
197426
43652
39088
202170
12305
57350
199016
12527
49349
15525
41154
41159
28672
35038
5516
62416
8609
59690
12353
8657
58206
30947
50144
35611
12926
47784
201523
34873
34122
33813
31413
61154
25005
