44790
58078
58074
13059
50413
44912
56840
49150
35584
57786
44421
34043
42997
48878
49050
49052
48012
35622
35626
56629
39842
39845
57578
33911
44719
57450
25326
51983
57009
52189
52183
52181
34740
34744
35291
41273
42890
39653
47365
21157
42280
50757
60118
30890
50075
39756
39758
15471
42637
49948
58180
47958
34201
51474
198574
39346
39347
39345
47511
47516
48931
48930
48114
48112
48118
25409
42294
57326
57322
47496
41950
41953
42206
42201
42200
42203
48465
44580
57126
49471
48705
51761
56750
33827
33821
33823
33829
39276
39277
49674
41859
41858
57105
41851
41850
41852
13210
44626
29473
57738
50604
57815
41387
44867
44861
9204
48194
48192
13021
51398
34176
51962
56997
44277
44271
47991
50939
50935
50937
49164
20524
42123
49786
50094
39581
43459
20722
42324
8708
48843
51832
16220
42578
48063
48067
57934
57938
34501
50682
50680
51481
51480
56654
39815
42433
33946
33948
31546
58022
50440
50447
25378
52159
31038
31039
34714
34711
43807
39669
39668
48250
50157
50150
50151
50769
35020
57773
52057
39502
197004
2876
35347
35348
41496
41492
44040
44047
15400
15407
28925
48351
45052
8976
49918
50357
57906
57527
34915
34916
39335
40998
40997
41028
48141
34794
34795
57316
41221
3233
12723
21129
13181
48435
50983
50985
50984
49423
41414
43224
52219
52211
49626
49990
29306
34353
24914
20929
41609
47602
44830
198099
20497
34469
51568
56514
56519
29628
39474
16100
44289
28811
43647
48775
56499
51712
51711
56729
57459
33875
39205
39203
21007
41806
41807
41805
48571
48578
12804
41114
49302
58214
56971
34551
24704
51107
51102
51108
41353
15873
39012
39011
39019
49894
58058
50476
57647
57646
52165
34184
43839
44204
44203
43315
16026
44563
51799
51793
8317
56417
39531
34060
41195
41199
47734
47731
48810
49078
49077
49074
57217
35604
39861
28743
42094
44739
44738
41011
48999
48998
25304
16199
16192
50137
35413
25461
47345
48401
29552
25116
57184
42939
42934
39770
39777
44682
44681
35775
35136
15619
39366
43944
41635
41638
44807
43007
43008
42756
12310
50209
34451
34450
35490
57695
57691
58040
58043
34847
39443
35820
50950
28822
43631
49496
48723
34641
34648
38933
38935
35512
51746
56770
56771
47848
12632
42523
49658
20787
35771
44607
44605
51239
198596
9064
58247
31244
34560
15882
49591
49595
58089
44418
40975
40974
57611
52138
57724
31017
35203
42800
41571
16011
56850
56852
56859
42495
42497
42142
35048
35597
56448
56443
39569
47220
20703
42305
48865
57917
57916
50336
50337
35653
51179
39831
33961
48643
44761
41043
51370
49252
21300
49256
56964
56967
56962
34732
50102
39646
39649
47931
31313
42417
41749
12961
47742
43240
49021
49023
57993
49688
49687
49682
199995
35161
28684
51461
51284
57500
47505
42026
48941
48948
16121
16120
43036
57071
50275
35468
51637
48453
48457
48454
15952
8614
57138
57135
57137
57136
57131
57130
57133
57132
38998
56887
56885
38947
51779
41432
47291
39260
49606
58170
13209
44388
8423
35772
51204
51202
9050
49259
50614
50612
44148
44149
44144
47621
47626
47629
13011
56570
44675
56397
12699
39411
43891
43890
43899
42270
50925
50921
20532
20530
35093
39593
43461
43466
43464
41823
51842
44650
44656
50886
50887
57275
49099
196783
31218
35664
35661
39809
39803
39802
15856
31554
39383
42786
58038
51328
51325
51322
52147
52149
43376
6910
42424
42426
20820
48242
8338
56432
56430
57746
49174
39516
39511
48836
49907
49909
50347
57535
34904
47559
39306
43703
42073
48616
35436
39692
41236
47326
49774
49437
31102
34621
38995
42951
42950
47791
47792
43230
52223
49986
29437
50523
50527
50525
20930
47619
44826
56502
16170
42731
50220
28946
51689
3289
57362
39464
34130
12446
12442
50970
49123
57837
24695
51808
35576
51722
25278
39797
41461
41463
57252
41818
44081
48881
48883
49378
49379
29171
34543
24712
24715
47693
39006
39002
8953
13067
50402
57098
35261
35267
43840
39629
12592
44909
44906
16031
20879
20877
9176
9160
56795
21462
39543
31710
47721
48808
50835
49042
48399
42640
8930
34279
50318
35638
29324
51195
25536
56615
56619
33906
39082
197065
57015
56940
31074
51656
51654
44985
44983
5541
57444
50064
51911
51094
51098
51099
25103
24858
57198
35307
30885
42901
39745
39743
41763
28966
48314
51445
35149
34951
49266
6693
28721
28727
48927
48928
48929
12302
57358
15730
42285
48838
35818
20616
48837
47412
50945
50944
50940
51019
28853
57111
43609
49468
48736
57804
50008
48593
24660
35520
51755
33839
47148
47147
49383
49385
49384
49666
58113
48537
50637
50636
43938
41395
15520
44875
49585
58096
50437
39430
35234
57884
56831
50080
50084
34301
34304
57417
57415
21294
49169
47230
39573
43443
20716
48786
41151
48855
34517
50322
51145
39829
33971
33977
49507
49500
41055
41058
49263
34723
6718
41295
39673
47929
43358
42407
42405
42404
49719
52044
52045
57495
34022
35371
41486
44058
47774
49031
42616
42614
45040
49967
197134
39327
3196
43980
40984
43046
56913
34416
50244
35450
51627
51626
39900
39903
41219
41210
3223
41971
20668
51885
51881
50990
50991
51024
51029
12450
56897
56899
39737
39734
39732
42568
12675
12672
52202
52204
2614
31282
6663
44157
44154
41672
41674
16156
16157
42712
12356
35725
35726
35727
34808
47388
42264
44294
44299
50912
50915
34358
56482
51709
57464
43473
43474
41832
48563
44649
57265
51854
31207
50660
50667
50668
57185
5606
39391
42790
49556
49884
13085
12842
51333
34198
30948
44211
44213
41530
41537
41534
44960
43360
43369
43587
41984
35002
56406
24839
57758
39527
31734
47263
47703
48828
12439
50819
43283
49062
45035
57446
41772
39877
33925
39312
49270
43736
48600
44184
44186
31278
25318
25311
25316
49210
57034
48165
48162
48161
28763
35794
35797
35421
39930
39687
41244
3210
31354
39108
39105
39107
42452
43500
50704
51076
47390
47392
34630
35322
38981
48338
48332
48331
50515
56684
41087
44106
47667
47662
49298
49295
12325
29098
50232
31609
31606
31605
39183
42234
21220
57177
57176
43624
43626
48754
35505
49287
39226
49645
49646
8751
51240
51244
51868
49203
3164
50659
