44790
58078
58074
13059
50413
60901
60906
60907
60909
59732
57080
42813
44912
56840
49150
62126
62127
62120
35584
57786
44421
34043
42997
48878
61958
49050
49052
60905
57236
60428
48012
35622
35626
56629
39842
39845
57578
33911
60996
62374
62371
44719
57450
61057
61050
25326
51983
57009
52189
60091
52183
52181
56979
199716
199874
34740
34744
35290
35291
41273
42890
39653
39654
47365
201480
21157
42280
50757
60118
60115
30890
50075
39756
39758
15471
60350
42637
49943
49948
58180
48090
48095
47958
62242
34201
51474
198574
39346
39347
39345
47511
47516
199429
48931
48930
199797
60676
48114
48112
48118
50263
50198
25409
42294
57326
57322
47496
202183
41950
41953
20606
42206
42201
42200
42203
48465
48460
44580
57126
49471
48705
51761
56750
41429
33827
33821
33823
33829
39276
39277
39278
49673
49674
41859
41858
57105
41851
41850
41852
13210
44626
62124
29473
50566
57738
60100
60104
50604
57815
41387
44867
44861
200992
9204
48194
48192
13021
199882
51398
61087
61080
60972
60020
34176
51962
56997
44277
44271
47991
50939
50935
50937
49165
49164
49168
20524
42123
49786
50094
60408
39581
199979
43459
20722
42324
59632
59634
8708
48843
51832
16220
42578
48063
48067
57934
57938
34501
50682
50680
61243
51481
51480
56654
39815
42433
15820
33946
33948
31546
58022
58023
58028
62326
62322
48669
50440
50447
61002
56323
25378
52159
31038
31039
34714
34711
43807
39669
39668
48250
50157
50150
50151
62151
50769
35020
57773
57772
52057
52053
60149
198447
39502
197004
2876
35347
35348
41494
41496
41492
44040
44047
15400
15407
28925
48351
45052
8976
49918
49914
49917
49910
50357
57906
57527
199467
34915
34916
39335
40998
40997
40994
41028
60644
48141
50252
34794
34795
35449
57316
41221
3233
12723
201387
21129
13181
48435
50983
50985
50984
49423
60289
60282
60284
50041
50042
41414
43228
43224
52219
52211
49626
49990
58153
35010
29306
60842
198173
34353
24914
20929
41609
47602
44830
16149
60539
60531
198099
20497
34469
51568
56514
56519
59747
29628
57392
39474
16100
44289
28811
43647
60766
60767
48775
56499
51712
51711
56729
57459
33875
39205
39203
21007
41806
41807
41805
48571
48578
12804
41114
35767
61179
57299
60759
49302
58214
56971
34551
24704
51107
51102
51108
41353
15873
201636
39012
39011
39019
49894
58058
62315
62311
50470
50476
61030
61033
57647
57646
52165
60078
48831
60073
60076
60077
34184
43839
44204
44203
43315
16026
48266
44563
62107
51799
51793
8317
56417
39531
39539
34060
41195
41192
41199
47734
47731
48810
49078
49077
49074
57217
60403
49920
35604
39861
61139
199297
28743
42094
201909
44739
44738
200057
59727
41011
41010
199432
48999
48998
25304
16199
16192
60614
60615
60619
50137
35413
25461
47967
47345
62185
62189
48401
29552
25116
57184
60192
42939
42934
39770
39777
43214
44682
44681
62226
35775
35136
15619
39366
47536
43944
41635
41638
44807
43007
43008
60694
42756
12310
50200
50209
34451
34450
34454
60998
35490
57695
57691
58040
58043
34847
39443
35820
51974
50950
28822
43631
49496
48723
34641
34648
61432
38933
38935
35512
51746
56770
56771
25257
202203
47848
31407
42529
12632
42523
49658
58126
20787
60582
60583
60580
60581
48520
35771
44607
44605
59651
51239
198596
9064
58247
31244
34560
41752
15882
49591
49592
49595
58088
58089
44418
62074
62075
40975
40974
60912
57611
52138
59923
57724
31017
35203
43868
42800
41573
41571
201416
16011
56850
56852
56859
42495
42497
42142
35048
35597
56448
56443
57790
59854
39569
59856
59852
47220
57229
20703
42305
48865
60454
60450
60452
60453
57917
57916
50336
50337
201879
35653
51179
39831
33961
62101
62342
62343
48643
44761
41043
200178
51370
61060
51992
60993
49252
21300
49257
49256
56965
56964
56967
56962
34732
50102
39646
39649
47931
31313
42417
49729
61386
61385
61389
61388
48270
60167
199513
61357
41749
12961
47742
43240
60369
49021
49023
57993
49688
49687
49682
59590
199995
35161
28684
51461
51284
57500
47505
202003
42026
201957
48941
48948
200063
16121
16120
43036
199784
57071
50275
35468
51637
47319
48453
48457
48454
48459
15952
8614
57138
57135
57137
57136
57131
57130
57133
57132
38998
56887
56885
49443
59421
38947
51779
41432
31454
47291
39260
49606
49601
58174
58170
13209
44388
8423
61115
61111
35772
51204
51202
198892
9050
31299
49259
50614
50612
44148
44149
44144
47621
47626
47629
60553
44464
13011
62043
62042
61096
56570
44675
56397
12699
59910
39411
47424
43891
43890
43899
42279
42270
42859
50925
50921
60741
49110
20534
20532
20530
35093
44374
39593
43461
43466
43464
41823
48556
51842
44650
44656
50884
50886
50887
57275
49099
197476
199498
196783
31218
61258
35664
35661
39809
39803
39802
15856
31554
39383
42786
43780
58034
58038
62335
59784
50451
51328
51325
51322
62231
52147
52149
59999
59998
59995
59996
43376
6910
42424
42426
42423
20820
48242
44544
62162
8338
56432
56430
57746
60150
49174
39516
39511
48836
60193
59892
59896
49907
49909
50347
50340
57535
34904
47559
39306
43703
42073
48616
59703
48976
56585
35436
51603
39692
41236
47320
47326
49774
61353
49437
31102
34627
34621
38995
38997
42951
42950
47791
47792
43230
52223
49986
29437
50523
50527
50525
24966
20930
41611
47619
44826
56502
16170
60509
42731
50220
28946
51689
3289
57362
39464
34130
201805
12446
12442
50970
49123
57837
24695
51808
35577
35576
51722
25278
39797
49173
41461
41463
57252
43415
41818
62278
62279
44081
51257
48881
48883
49378
49379
49374
58267
29171
34543
24712
24715
61204
47693
39006
39002
8953
13067
50402
60935
60934
200149
57098
35261
35267
43840
61278
39629
12592
44909
44906
44903
16031
20879
20877
9176
9160
62114
56795
21462
39543
31710
47721
48808
50835
49042
2541
197425
48399
42640
8930
34279
50318
24790
35638
29324
60882
60880
51195
61282
25536
56615
56619
33906
39081
39082
42088
59731
59735
197065
200012
57015
61954
56940
60604
50293
31074
51656
51654
44985
44983
5541
57444
50064
62448
62445
51911
61361
51094
51098
51099
25103
24858
57198
35307
30885
42901
39745
39743
41763
28966
48314
49956
58195
51445
35149
61088
34951
49266
6693
28721
28727
48927
48928
48929
60689
12302
57358
15730
42285
48838
35818
201348
20616
48837
47412
50945
50944
50940
51019
28853
57111
43609
49460
49468
48736
48734
57804
59401
59400
50008
48593
24660
62230
35520
51755
33839
47148
47147
49383
49385
49384
49666
58113
58114
48537
59728
59398
50573
50637
50636
43938
41395
15520
44875
49585
58096
50437
51384
59935
59934
39430
35234
24719
56821
57884
56831
59488
59480
50080
50084
34301
34304
57417
57415
21294
49169
47230
39573
43443
20716
48786
41151
49789
48855
48852
60441
60449
59563
34517
50322
24745
51145
39829
33971
33977
49507
49500
41055
41058
59765
61073
199737
49263
34723
6718
41295
39673
47929
43358
60231
42407
42405
42404
49719
59938
52044
52045
57495
42741
34022
35371
41486
44058
47774
49031
42616
42617
42614
59878
45040
49965
49967
197134
39327
3196
43980
200092
200091
40984
200010
48955
43044
43046
56913
60657
60654
34416
50244
199823
35450
51627
51626
39900
39903
41219
41210
3223
41971
41978
62414
20668
51885
51881
50990
50991
51024
51029
61336
12450
41254
56897
56899
29652
39737
39734
39732
42568
12675
12672
52202
52204
59694
50540
2614
31282
6663
43904
44157
44154
41672
41674
16156
16157
42712
12356
62385
62380
62034
62035
62030
62033
35725
35726
35727
200156
34808
31676
47388
42264
44294
44299
50912
50915
34358
56482
51709
57464
43473
43474
41832
48563
44649
59610
57265
51854
58207
58204
31207
50660
50667
50668
61224
61225
61222
57185
5606
39391
42790
49556
49884
62306
62307
62304
62305
62302
62303
13085
59795
12842
51333
57650
199740
59964
34198
30948
44211
44213
41530
41537
41534
44960
43360
43369
43587
41984
35002
8306
56406
24839
57758
39527
31734
43040
47263
47703
48828
12439
50819
43283
49062
42660
45035
29267
8919
57446
41772
39877
33925
39312
49270
43736
48605
48600
44184
44186
31278
25318
25311
25316
61971
61974
61976
49210
57034
48167
48165
48162
48161
199855
28763
35794
35797
35421
39930
39687
41244
3210
31354
39108
39105
39107
42452
43500
201103
50704
61348
51076
60125
199552
47390
47392
58337
34630
35322
50068
38981
42921
48338
48336
48332
48331
35120
50515
9015
56684
41087
44106
47667
47662
8260
59858
49298
49295
12325
29098
50232
62005
60982
39454
31609
31606
31605
39183
42234
21220
57177
57176
43624
43626
48754
35505
49287
39226
49643
49645
49646
8751
51240
51244
30863
199189
51868
49203
58276
3164
202029
50659
50651
