199398
52105
43335
48015
52187
52068
198603
59864
43272
43277
197324
56843
8661
51002
21215
200036
49167
50091
50872
57486
51404
35440
25431
51052
8400
44287
8771
43125
57550
41937
60137
49412
8295
47479
51977
198421
198273
61439
41874
43084
198649
44252
57891
57427
47222
34299
61065
6700
52072
197021
47588
44301
201047
34404
43547
62420
51908
15958
49198
58179
198894
44143
59609
6701
199493
198360
59544
50693
61254
43784
13092
13091
59992
41507
44958
51602
52026
41897
60871
8270
62012
34131
42860
15982
49122
35573
39796
39237
57282
199195
9081
58266
29170
8534
12823
52116
31716
197423
42646
59737
196886
28964
43191
33983
39377
34724
43608
49462
56452
60445
15832
13303
31042
49717
61332
198237
31161
41404
9125
57595
196955
13004
56569
56816
8490
51859
198370
198371
48688
42186
50781
47267
201236
43281
34258
56576
39311
48164
35796
48414
34096
57207
29604
51451
196908
47666
47663
15926
49486
60707
56708
29163
50653
