49568
44799
44794
44797
58072
13056
13055
40966
50418
50416
8291
48916
15559
57661
57662
52104
52108
31163
57085
57082
197668
35212
50038
43859
43851
42819
44223
44228
41546
44913
44915
43334
16007
43000
49153
49154
49156
51921
48209
48203
48207
48205
24576
34327
34322
34321
34320
35059
197258
197259
197256
197257
35580
57782
57781
56781
56785
56784
56788
44425
57432
57434
57438
44423
44420
44429
198437
198438
33894
33892
33899
34042
31496
31494
31499
47251
47257
47259
42375
42377
12836
42996
42991
42993
49736
49730
48876
48877
48873
12461
50846
49058
49055
57231
57234
43102
43106
197438
48013
29258
21365
29250
21367
34283
34287
50306
197193
197199
35623
56621
56626
56627
51161
51165
51168
25520
39843
57579
41330
41332
33913
47593
47597
47594
47595
31514
31512
39073
43747
43746
48654
48651
48658
44711
44715
41070
51360
51369
51981
56353
56350
56351
56358
57006
57003
15707
52184
49244
49245
49246
21311
56975
56970
29047
29043
30910
30911
34747
35294
35295
50118
50113
51645
51641
51643
51642
41279
41275
41270
42891
42893
42895
42897
197178
44999
5573
5572
31302
47363
58160
39134
9111
9110
9113
12289
21480
49732
21483
13155
44507
44509
29530
50750
50752
50753
8377
8370
8371
51086
51081
197831
57700
57708
52069
52062
24846
196879
197585
44391
44390
197052
197051
35310
196739
42919
42916
42911
44079
12979
12976
47751
47757
47759
28970
43273
43270
43275
43274
42588
42589
42582
42583
42631
42632
42636
57988
8941
48365
48366
48361
48368
48369
49947
48092
48096
34205
34207
35154
51472
51471
51477
51478
51297
51292
51293
51291
197780
198367
196936
196931
196938
198578
15672
15673
33991
33993
51408
42032
42031
42038
44135
44131
44130
47656
47659
48933
48936
48939
51907
43020
42775
42776
42771
34434
50265
50193
50190
50197
28712
35473
35475
49741
25405
25408
49742
42293
57328
57320
57323
31286
47497
47495
35808
35802
56846
56845
43552
43550
43555
43559
41957
20602
20607
62432
48467
48462
44587
20866
8663
51009
51004
51003
28840
57128
57129
57123
57120
16308
16301
16300
49476
49472
49478
197501
198255
30812
34662
34664
50011
38954
38951
38958
38959
35537
35531
35539
51764
56757
56755
41428
198384
30733
31462
31466
47286
47280
47139
47133
39272
42500
42507
21051
49675
49679
57104
41855
41853
58100
58105
13215
197567
44627
44621
44622
197569
29470
29476
34983
8430
8439
50568
50567
50565
61121
51218
51219
51217
51214
51213
24923
24924
24925
2587
2585
197078
51973
9049
20970
197718
197714
197717
50600
57818
196754
41389
39898
44866
44868
56477
56476
9206
9203
48197
44478
44479
44470
44472
13029
51536
51535
8570
51397
51396
57639
57636
57637
57635
57631
34829
34821
34824
6820
6826
6828
39428
57439
43882
56991
56992
44276
44270
42825
42827
47996
12555
56541
43694
43691
43693
49160
49166
20525
198122
198121
42121
196673
196675
48788
48781
57870
57871
29363
29581
29588
50098
50092
34378
197204
197200
8507
57401
57406
39585
39586
39589
43452
56903
56902
20720
13296
42322
42323
48548
48549
48541
48547
41145
41143
41148
8706
50878
50871
50870
12456
48848
48842
57245
49089
43152
49331
49335
49336
49339
58229
48061
57931
57933
198354
198350
29285
25880
34504
34500
34508
50688
50687
35674
51158
51156
39818
39812
39811
57253
41300
41302
30747
42527
34998
34995
34990
42998
39043
39042
39045
39046
43793
43797
43798
49533
49530
49531
49534
58020
58026
58027
58029
48667
48666
44749
49656
42387
50448
50449
50443
197986
197987
51316
56326
25379
25371
199728
52156
49276
49271
49279
31028
29076
29071
29072
30920
30922
30924
50167
50164
50169
43808
43801
43805
41515
41516
39660
44941
44943
15759
47918
47916
47914
47911
15757
15756
9122
9123
34703
20835
49701
49702
48254
48257
44539
44532
57310
13105
29503
35025
50761
50760
8325
8324
56420
56425
56426
57482
57487
57489
24810
24811
198444
198445
198441
58191
197007
44324
34035
34033
34030
34038
198821
198826
44041
44046
44048
47897
47895
41722
41727
47761
47763
47764
28927
60388
49002
49003
48354
198601
198607
51443
198609
42602
45051
45053
45055
45054
29209
196747
49919
49916
49913
196742
50358
50353
34230
34232
57901
197120
34584
34580
57529
57526
31379
47569
47562
47567
47566
47565
47564
15640
56699
56692
56691
56690
3181
3182
3189
43712
43714
42048
42042
40995
40993
41022
41024
197733
5429
48969
43053
43055
57050
197693
48148
48149
48143
50258
50257
28745
28741
56592
35447
51612
51613
25436
56939
57314
57312
57319
41223
41226
41225
3235
3239
41592
34898
34892
34894
34896
47338
47333
47335
57575
57571
57570
31376
31370
39161
39167
39165
12724
12722
21127
43523
43521
43527
13185
20655
15930
15934
8636
8630
51054
51051
197863
197865
21240
198195
49426
3335
58314
196685
196686
196688
43671
31174
43678
50048
50044
50045
24599
57142
24626
38969
38964
42940
39709
39703
39701
39707
47819
197464
201776
43226
47105
47104
43489
43480
12683
12685
12686
42575
42574
52217
42683
49994
49996
49992
58152
13225
13227
35013
44362
29425
29303
35102
8409
8402
50536
50538
50539
34352
196963
30871
24913
198523
198520
198526
9032
9039
197760
197762
197765
197767
197768
43975
43970
43973
44161
44164
44165
41601
8249
8242
8241
197084
44836
16143
42728
12341
49811
49810
49813
49814
49816
20499
44443
34467
35738
35730
51563
51692
51690
51698
197955
197952
6870
39475
47445
47440
47441
34102
31088
50040
44281
42870
28812
43399
43396
49136
49132
49133
197559
197553
60764
44412
31183
20519
42115
42116
42110
42113
48773
48770
57848
34349
34698
34690
197235
56493
56495
35569
35562
35564
51716
51715
61400
56727
56725
56724
56721
56720
39785
39789
199320
33871
30784
30788
47181
47183
31430
31436
12608
56557
43404
43403
41802
48573
44670
44677
44674
44678
41118
8774
8775
44096
44095
35764
49852
8480
28991
57290
57295
57296
57298
16256
49301
49304
49307
198303
49241
56977
34550
34552
50677
50676
50674
50672
50671
51106
51100
25549
41681
41682
47682
47684
47688
31575
57730
49547
49545
49891
49893
49892
49897
49899
58050
62314
13075
13077
13078
13079
50471
50473
50477
61031
60926
57645
12688
52169
52168
52163
52162
52164
197644
42682
31008
34185
35271
23242
30977
51579
43832
5386
5387
44206
44202
44977
28899
28890
28891
43314
43317
43318
43319
16020
56868
20848
9177
42190
20597
44560
48485
48481
48488
56419
24829
24823
196812
198419
29426
31703
31707
34063
39289
47278
47272
47271
47270
57940
42358
198809
44014
44012
44011
41190
47730
28917
28912
48816
48818
50822
43299
43294
49070
57211
57214
48383
48386
48384
45006
48033
48034
45003
45000
48038
196768
29271
29277
8920
34268
34266
34267
49925
49929
50364
50367
197443
24787
24783
24789
50587
50580
51186
51183
51181
57553
57552
57557
39866
39864
39860
33936
33934
34925
56836
39092
43721
43720
43727
43726
43728
42091
44736
44734
44733
41013
44192
44195
48995
51341
51343
25308
56379
56374
56377
57026
21372
56958
56959
56954
56957
56951
56952
198021
48176
48172
50289
50282
50283
50139
28775
35410
35411
51663
51667
51666
51665
51669
51668
49735
21487
25462
41259
41258
47963
47960
5553
31326
31321
31323
47342
47346
39119
12770
12772
49759
41938
48409
48400
29554
50732
50736
50735
50739
8398
8395
197856
197857
197858
51067
51061
57722
52008
52000
52007
57186
57182
49144
196894
196893
49414
49411
49410
29619
35335
197070
42930
39775
12951
12958
12484
30751
43213
43218
48302
48308
44680
44685
44688
2848
51456
35683
35682
56689
196914
25096
20919
47530
47531
43946
42014
197515
197292
44113
44112
44116
44115
41099
5495
41636
41639
8299
48914
44802
43001
16112
16118
42753
42751
42754
42758
198755
198757
12314
50003
49845
49842
49841
49848
50206
34456
197349
51552
197960
197961
197969
56528
58045
58042
5433
3267
34849
47478
47470
6880
39442
35824
35823
43574
51971
56986
56982
201826
56981
42226
42224
8641
50958
50959
50952
50951
28829
28825
12538
16094
16323
16321
52080
52085
21231
43632
57107
57108
57109
197563
20544
20549
48725
48720
30833
30831
30835
34644
38934
35511
35516
51748
51740
56779
56776
56777
25251
41443
41440
41446
41447
41444
47842
47844
47151
47156
39254
39256
49200
42528
42522
42526
49207
49208
43434
43433
42385
48527
48524
44602
44604
41126
41123
59653
29456
29450
51230
51238
57658
197379
196991
44315
198592
49357
49352
49350
49351
49358
197489
197482
31240
34561
50626
24739
41754
15886
15880
8219
42532
44881
44882
43085
43087
49599
12396
58082
58086
44417
49664
49665
47758
8557
35768
35769
50425
57614
57615
57617
57610
6801
197673
197670
34150
43865
6789
42803
42801
42809
44254
44257
41574
44927
44923
6874
43327
43321
56853
56854
56857
20895
42498
49140
48236
48234
48235
9185
42148
42144
42145
196657
57898
21416
21414
21418
8853
59498
51811
51812
197261
197260
51813
35598
35595
35594
197888
56447
56440
57797
57796
57425
57424
57421
57420
57428
33888
33887
34052
31480
31483
31484
20702
42304
50859
50852
50851
50850
50854
51819
57227
43176
43177
197401
197402
197406
48009
48000
57918
34291
59515
196750
197185
56639
56631
56634
56636
51170
51178
25519
25513
25510
25511
25515
33962
30745
47582
47586
15378
15370
39061
43776
58008
58009
58002
58006
58007
48642
44492
44493
197725
51372
51376
25355
8485
51994
51991
51990
56341
56348
49255
56969
198074
198070
28734
3058
29053
34485
34739
197394
197390
197392
41284
47934
47938
5568
5567
5563
31314
42412
42413
9107
21143
20817
21496
49724
21184
13165
8623
50741
50740
61382
8342
8345
197808
57711
57712
48275
24873
197023
57157
57155
44068
44064
41748
15468
47747
47746
47740
43246
43247
16285
16287
48379
48371
48370
198626
57999
29225
29226
49684
49973
49977
49975
48080
48087
48089
44300
59595
34217
34211
35168
35164
35165
35162
35000
51464
51285
51281
51283
51289
51288
25592
57503
57505
34974
34975
198546
198541
39350
43993
43991
43997
42023
42024
48946
48940
197097
43038
43031
57079
57073
57075
48128
48129
48122
48123
48120
48124
50279
50277
50276
50182
50187
197315
197311
51583
51586
47655
47654
57251
35469
47651
51633
51638
51639
47652
57336
57339
41209
3253
29638
47313
197280
39493
39496
39494
39143
57452
43544
57451
200107
41947
41944
41942
51904
51900
44599
44597
44595
8615
51032
51033
51031
51036
51037
51034
51035
51039
28870
57139
199020
49195
21266
56886
56880
56881
56888
56889
197535
49447
199599
3319
3312
3316
48716
48713
48719
29648
34671
34672
34676
50029
50026
50024
197080
51771
56741
41430
39724
39726
47873
30729
42773
39613
47126
39264
39267
39266
39269
42514
42516
12668
12669
49608
8566
29407
56342
44386
44380
8790
8427
15552
50553
50556
50559
35774
35770
51200
57580
57583
57587
24936
196949
20946
56555
9056
197708
197700
31294
6671
6670
6673
6672
50619
43912
43917
28719
41668
41661
41667
15508
15500
47620
57604
42703
49834
49830
44467
13016
51503
51500
51501
51506
51507
35750
35755
197934
56574
60948
25490
56395
56392
28900
57629
57627
57620
15428
34838
34836
34833
34832
6854
6858
39415
31059
31649
31643
47422
47429
34168
47398
47399
47395
47397
6703
6702
43897
42276
42277
50105
8981
44265
44267
44266
44263
42850
47989
48320
48322
41892
41896
12543
50928
50923
16047
16043
43660
43661
43666
43667
49114
49111
49118
20533
42132
42136
198130
42139
198134
198137
196660
196664
48796
57941
29319
8828
30868
30869
34364
57470
57471
47211
47210
39596
39598
57590
43465
43468
196719
41829
41822
41826
57953
20731
20730
42339
48552
51847
8711
50885
35807
57274
57272
16231
16230
49098
49097
43146
43148
49326
49325
49321
58231
48054
48055
48050
48051
48058
196780
29125
29124
31213
31214
34533
197453
50699
50694
50691
24762
24767
56666
56667
56664
56669
51129
51125
51120
51121
57903
41377
15850
50594
15582
57828
31558
39034
42787
43787
43785
43782
58031
58036
58039
48699
13094
13095
44759
44754
44751
12879
50452
52141
197622
197625
197624
197627
57544
30952
30953
6731
34707
34709
35257
50158
50159
49723
49722
49721
39612
47905
43370
43374
43595
43592
42429
42420
12790
9157
21191
20821
20826
21442
21446
48249
48247
41996
48241
44547
44540
44541
44542
13118
198816
50790
50792
50797
50798
35018
8331
8334
56437
56436
56434
57749
57742
49170
42484
56864
31720
31724
197010
197018
57754
31189
31185
29526
35354
35357
196647
49799
44030
44039
47711
47713
6903
50801
50802
50804
50806
49012
198677
198675
198670
42678
42674
42676
42677
42671
45029
45021
45023
29211
8909
8905
8904
8906
8901
49905
2820
50342
34246
34241
34249
35195
197153
197150
51437
51433
57531
57530
57534
198258
39303
42071
48603
48612
48614
41034
41033
5431
8580
48978
48975
21353
56930
56935
57045
57044
57047
48158
29000
34784
28752
35780
56581
56580
51600
51604
51607
25446
39927
39922
39920
24658
3205
3203
31695
31690
31692
5531
5537
31344
47321
47323
39178
12714
43518
43517
49779
49775
49776
49777
13192
48429
48421
29572
15905
8629
50712
50713
50716
50717
197878
197873
51042
51044
16345
52022
52028
21252
49434
49439
198210
3325
197092
34085
29634
34629
50051
50058
24612
24613
38996
42955
39718
39711
39710
39713
12932
41794
47827
43238
43237
43235
43233
12695
42548
12690
52222
8985
41891
48321
41895
48327
49988
49980
49987
13259
13257
48580
57038
8475
8470
196710
25381
196715
24960
35702
57649
197366
198539
15638
15632
9006
197756
197759
43966
41745
44172
44174
41617
41616
41615
47618
47614
56506
16173
16176
16179
49288
20483
20485
198084
198086
12335
12332
49863
50228
50222
50225
50227
34479
34472
34470
50488
50486
197360
51570
51574
28947
51685
51686
2118
3287
57363
57364
57368
34866
34862
34869
47459
47457
47456
6868
6869
15774
6863
39463
39462
39465
34137
34139
51892
42245
42244
42247
42866
42861
42862
15984
42599
48858
49128
49124
49120
57160
60771
48297
48293
29329
198295
198297
30853
30852
30855
30854
30856
57992
24699
38912
38916
38917
35571
51723
51724
39792
39799
57449
41469
41460
41465
50341
31425
31421
57257
57250
21017
43419
43410
41812
41816
199420
20764
48507
48508
44665
41101
41106
41109
8749
49179
8744
51256
51255
48889
25073
57281
16262
9082
49377
49371
49373
198310
50396
50397
50640
50647
50644
51115
51117
51116
51118
41349
41344
41341
15868
15867
15862
39001
39000
49578
49577
49575
58067
58065
13062
44436
12828
12821
50406
50403
57671
52118
52112
57097
57095
57091
31261
57835
56866
30960
30968
6761
43841
43849
44232
44237
41554
41556
41551
28802
28809
44905
44900
28884
28881
43309
43302
43307
16033
20872
20870
9162
21479
48212
44572
44579
42192
34333
34336
56462
56463
56793
56791
56797
56794
56798
25185
25189
25188
47240
47241
42362
42364
42988
41180
41184
47724
48806
12418
49048
57209
43112
48391
48390
48396
198645
48025
45018
48029
196770
57975
8936
198390
198396
34277
50315
50317
35631
51199
51190
51193
25530
25531
25532
25534
25535
25537
56613
56618
39850
39858
8506
33908
33902
33903
33904
15682
31500
31501
39087
42087
42080
44704
41066
41067
41060
198209
197062
51352
56368
56365
56364
56361
57018
57019
57010
57011
52194
52197
52198
49239
49238
49231
56947
198058
198056
198052
50299
50294
48676
34757
50126
50122
35401
35400
51659
25474
25478
41268
44984
44987
44982
44988
47952
47954
47955
5548
5543
5547
31336
47376
47375
47373
47370
47378
39125
42478
12768
21166
42296
49745
42291
49749
49748
41929
41928
41925
20690
51916
51912
29546
50723
50725
50724
50727
8369
197826
197821
49821
51093
49825
49828
57737
52010
52013
52015
52016
25100
24850
57193
196888
196884
198481
198486
197040
197044
31138
31133
35301
35304
30881
197998
197992
39746
39740
39741
39749
12499
30749
28968
28965
43265
43267
43199
51532
48316
49953
49955
2875
2878
12925
51444
35140
8440
8441
8443
8449
197783
24955
196923
56548
198563
56545
56542
33987
39379
39376
31588
31585
21335
21332
47522
49261
49268
42001
6699
6698
6694
197905
44128
44126
5461
5467
5468
47645
51939
42766
42767
42765
42762
42763
198764
48100
48102
48104
48107
196667
50212
50214
50219
50218
51635
28702
28703
197331
57681
47737
47733
57351
57352
15731
3277
34858
34851
47486
31626
31620
35813
35810
35815
43569
43567
42289
42288
20611
20619
42219
48478
48479
48470
48472
48475
48476
48477
47418
15974
8675
50947
50946
51011
51012
51015
197385
16319
52090
52096
52099
43605
43600
48733
48731
48739
48738
57805
57806
57803
57808
198261
2854
34389
50001
50002
50007
50009
35389
24665
24663
38922
35526
35527
35522
35521
51751
56763
56762
56761
56760
56764
56768
25227
25221
41458
47857
47854
47852
47851
31470
47149
47141
47140
47144
49381
49380
39240
12646
21048
48032
45005
48036
49668
41846
41844
41845
41842
41843
58111
58115
20793
48538
48530
48532
44636
44634
57964
56806
50578
50571
50577
51229
51226
50511
9077
9078
49345
49347
49346
49341
49340
49342
197499
197493
31277
31275
48784
29147
50639
44870
25086
43097
43095
43093
43092
49583
12389
12380
58094
58091
58090
44408
44401
44406
28784
51520
51523
12819
8568
50439
50435
50436
50433
31225
31224
57609
52126
52121
56601
56603
39434
39435
9134
34147
34145
35237
51956
35239
43874
44248
44241
42839
41566
41560
44938
16064
56820
56829
43686
43687
58087
42481
21287
48225
48226
48223
198150
198155
42151
196648
196641
57883
57882
56830
8848
8849
8846
57843
57842
50089
50082
50085
34300
34303
57847
197273
197276
197275
197896
57418
57412
57410
57416
51578
21298
47231
47236
39578
39575
43442
42317
41691
57876
29632
50776
35032
50771
21438
8732
50863
50860
51804
51809
43168
48078
48079
48076
57923
198342
198348
34518
35641
35640
35645
51494
51495
51497
51147
51144
39821
41310
41311
15835
39058
39054
39055
43761
49509
49508
49505
49502
58019
58014
13304
13302
48678
48679
48677
48673
48670
44779
44773
44772
44775
44774
41050
44484
44486
29390
48909
51308
51309
48905
25341
25347
56336
56337
56330
56331
49267
198062
198069
197606
29069
34490
30936
34720
6719
50178
39678
39676
197298
47923
47925
5591
5598
51951
42408
42403
51952
9130
20807
20806
20803
49718
49714
49712
44528
44522
13174
8684
51348
8359
51346
197817
197812
57766
57767
52047
52042
52043
52040
52041
57490
57494
57573
198456
49293
49291
35377
35374
12820
44053
44050
44056
12999
41733
47773
51882
49039
49037
48349
48347
48343
48340
198610
198615
198619
198618
21378
42610
45048
45046
29233
49693
49698
21375
8964
49963
49966
34223
34221
35178
35177
35173
34590
51416
51410
51418
51419
57512
15658
51548
47577
47579
42056
40987
48950
197793
197794
56534
56535
56533
43045
43042
56915
57064
50240
199860
28736
197306
197303
51599
51593
51592
51596
51624
51623
51621
57306
57303
57308
41217
196721
3226
34887
47307
39156
39153
39150
31364
31368
12739
12730
21135
43537
43530
41976
41974
41975
62415
20663
51883
51880
48441
48442
48448
196678
50992
51020
51027
51028
28860
25159
49181
21270
49186
21275
49189
56895
56893
198185
198181
198182
49458
49451
49452
196699
196698
196695
196691
29388
31160
29651
34600
34602
50035
24588
24638
38978
38976
38972
51838
51831
51836
51834
42974
42972
41403
39735
47807
47808
15493
31444
47117
47115
47111
47118
47119
29493
42561
42563
29497
42569
12679
52208
52201
29499
52207
42693
42690
197467
49619
49613
49614
197461
197460
198683
58163
13238
13230
47677
8411
8410
8416
50543
50542
50545
50544
50549
57589
197779
197773
6662
198358
43901
43900
43903
43907
43909
43908
44158
44151
41673
44849
44848
44840
44843
44845
44844
44847
47637
47635
42448
56999
198715
198711
49809
13002
51515
35722
35723
35728
197926
56564
56384
56380
34802
34801
34804
6844
57518
39406
47433
47437
47439
47438
47385
31094
56879
56877
56874
51957
201861
201865
42265
44296
42843
42842
50911
50916
50917
50918
16054
49107
5589
43675
43673
43670
57149
57145
198685
29304
8817
34351
35083
35087
34687
34682
56488
35550
56483
56480
56487
35558
51700
51705
51442
25296
25290
25293
25292
57460
61372
33844
33842
33840
30797
47196
47193
43478
41837
57175
57174
57179
48561
48566
197577
44640
57856
57857
50895
8492
8491
57728
28983
28989
51271
57268
57261
197449
60139
49311
49316
49315
198372
198373
198376
48044
48046
48041
48043
196798
196796
196797
196794
31208
31205
31200
34527
50663
57822
57820
57824
56674
56677
56679
56678
57181
51133
51136
51138
15599
31566
39399
39028
49554
49557
49551
49558
49880
49886
48687
8515
8510
12846
50466
50464
50465
197074
51339
51334
196803
57651
52175
197632
34192
50147
50141
50142
50149
43820
43826
41535
39604
44969
44963
44964
43362
198702
43583
42187
50071
21453
41983
44552
44550
44556
48498
48499
51789
51781
51783
50787
35004
50789
56407
56405
12494
56409
24838
24837
24832
57753
198468
31738
34017
39293
39294
47260
31192
31191
31195
44310
44020
44027
44025
41704
41706
28906
48827
48826
48822
43286
43287
57562
43132
49064
49060
49063
49390
49394
42668
45036
57959
8915
29190
29196
29194
29195
49939
50374
50378
197140
197145
50596
51422
57540
15454
15455
56577
56578
47547
47541
47542
39317
43730
42069
42065
42062
48604
48601
44720
44724
44727
41002
28738
56393
8599
8594
8595
8592
48986
48988
43078
49218
56923
57031
198039
48166
48160
34771
34775
28762
28769
35793
51679
51674
39688
39684
6857
6856
6850
3216
3217
3218
57153
47972
47974
47976
5523
31036
31359
31353
31357
47350
39101
39102
12705
42451
21103
21105
21109
49764
41904
48416
29561
15913
50707
50703
50701
8382
51078
51077
51070
51071
52038
49404
49403
49400
3351
197068
31112
34098
29603
57200
34634
50060
24602
38986
38985
38984
196726
42920
42922
41789
41787
41786
41783
30767
30768
47839
47837
47832
47789
47783
47780
47787
47786
47785
43201
43208
43209
28800
31137
42559
42558
42554
45013
8998
8997
44699
44696
44693
44347
48597
57971
57973
51860
51869
35125
35129
50514
50512
50513
20903
198502
15620
56685
56686
43952
43951
41080
41085
5480
197169
197163
41625
47668
8263
44816
44810
44811
44818
43346
42740
42742
49870
49874
50236
50230
34449
35718
50498
35711
197351
51547
51543
31257
57372
57378
34879
34875
34874
47464
47465
15781
31600
34121
34123
39182
9124
35830
35835
57561
20631
20632
42231
50960
50966
28832
12500
16083
21225
21226
199624
43621
197574
49483
49481
48287
20576
48758
56807
48753
48755
48757
56802
60299
24689
24680
24683
35504
51730
56701
56702
56707
41475
33819
31415
47166
47165
47161
47168
39229
39221
39222
12622
21023
21020
43429
49648
49641
49642
49644
41861
41862
58134
58135
58136
58137
20772
48510
48515
44618
44619
41134
57861
41130
8752
35022
35021
50762
57947
51246
25001
25008
57867
196986
196989
198588
49361
49369
49368
20985
198324
3168
47218
48245
31258
34574
34573
50382
24722
24721
50650
50652
50654
197526
197213
44899
44895
44893
44890
196847
