58146
49568
44799
44794
44797
58072
13056
13055
62082
40966
40960
50418
50416
8291
60900
60904
48916
15559
48912
57661
57662
52104
52108
60017
31163
57085
57082
59959
59954
59957
197665
197668
35212
50038
43859
43851
42819
44223
44228
41546
44913
44915
43334
16007
43000
199008
60255
60252
199004
49153
49154
49155
49156
51921
48209
48203
48201
48207
48205
29359
24576
62122
34327
34322
34321
34320
35059
197258
197259
197256
197257
198990
35580
57782
57781
56781
56780
56785
56784
56788
61041
44425
57432
57434
57438
44423
44420
44429
198758
198437
198438
33894
33892
33899
34042
31496
31494
31499
47251
47255
47257
47259
47258
42375
42377
42376
12836
42996
42991
42993
49736
49730
48876
48877
48873
12461
50846
49058
49055
57231
57234
43102
43106
197438
197435
60424
48013
29258
21365
29250
21367
34283
34287
59508
59509
59502
59504
50306
201137
201135
199924
199922
199923
197193
201131
197199
35623
35624
56621
56626
56627
51161
51165
51168
61296
61291
61290
61293
25520
39843
57579
41330
41332
33913
199002
47593
47597
47594
47595
31514
31512
39073
43741
43747
43746
199000
200078
48654
48651
48658
44711
44715
199007
41070
199073
51360
51369
61058
61052
61051
51981
56353
56350
56351
56358
59624
57006
57003
15707
60095
60090
52184
49244
49245
49246
21311
56975
56970
198044
29047
29043
30910
30911
34747
35294
35295
35298
50118
50119
50113
199879
51645
51641
51643
51642
41279
41275
41270
42891
42893
42895
42897
39655
197178
44999
5573
5572
31302
47363
201485
58160
39134
39131
9111
9110
9113
12289
198856
49734
21480
49732
21483
13155
44507
44509
29530
50750
50752
50753
8377
8370
8371
61398
51086
51084
51081
197831
57700
57708
52069
52060
52062
60119
24846
196879
199521
197585
44391
44390
44393
197052
197051
35310
196739
42919
42916
42911
44079
12979
12976
41757
47751
47757
47759
28970
43273
43270
43275
43274
43182
60357
60355
42588
42589
42582
42583
199148
42631
42632
42636
57988
8941
48365
48366
48361
48368
48369
49947
49945
58189
58182
58187
58186
48092
48096
44331
62243
62247
59580
59584
34205
34207
35154
51472
51470
51471
51477
51478
51297
51292
51293
51291
197780
51298
60836
60837
60834
60835
60832
60833
198367
196936
196931
196938
61396
198578
15672
15673
33991
33993
51408
201191
201820
42032
42031
42038
6689
6684
201969
44135
44131
44130
5473
47656
47659
48933
48936
48939
48938
51907
199029
43029
199669
201578
201576
43020
199798
199793
42775
42776
42771
198774
198770
34434
50265
50260
50268
50193
50190
50197
28713
28712
197325
35473
35475
49741
25405
25408
49742
42293
57328
57320
57323
31286
47497
47495
202184
199214
202181
35808
35802
56846
56845
201377
43552
43550
43555
43559
41957
62439
20602
20607
62430
62432
200135
48467
48462
44587
198708
20866
8662
8663
51009
51008
51004
51003
61318
61313
28840
57128
57129
57125
57123
57120
16308
16301
16300
49476
49472
49478
197501
60731
60730
60738
58347
58344
58342
58341
198255
48709
59436
59437
59434
30810
30812
34662
34664
50011
38954
38951
38958
38959
35537
35531
35539
51764
56757
56755
56758
61368
41428
198384
30733
31462
31466
47286
47282
47280
47139
47133
39272
42500
42507
42505
21051
49675
49679
57104
41855
41853
58100
58103
58105
58107
58108
13215
199635
201069
197567
44627
44621
44622
197569
29470
29476
62128
34983
8430
8439
50568
50567
50565
61122
61121
61120
61125
51218
51219
51217
51214
51213
25032
24923
24924
24925
2587
2585
197078
51973
9049
9041
20977
20970
197718
197714
197717
31268
50600
57812
43924
57818
196754
41389
39898
41654
59412
199532
44866
44868
56477
56476
201646
201643
60542
60546
60544
9206
9203
48197
48190
44478
44479
44477
44470
44472
13029
199884
62051
62056
51536
51535
8570
35743
51397
51396
61084
60971
199063
200035
57639
57636
57637
57635
57631
60024
60026
60028
34829
34821
34824
6820
6826
6828
59906
59903
39429
39428
39426
31656
47416
57439
62339
43882
43889
60526
62333
56991
56992
201842
201844
56994
201848
44276
44270
42822
42825
42827
47996
47995
12555
56541
198718
201431
43694
43691
43690
43693
49160
49163
49166
20525
198122
198121
42121
196673
196672
196675
48788
48781
57870
57871
29363
57874
49783
29581
29588
50098
50092
34374
34378
197204
197200
8507
198942
198947
57401
57406
199317
199316
199315
199314
199310
39580
39585
39586
39587
39589
201147
43452
56903
56902
199975
20720
13296
42322
42323
48548
48549
48541
48547
199972
59637
41145
41143
41148
8706
8704
50878
50871
50870
12456
48848
48842
57247
57246
57245
49089
43154
43152
199157
49331
49335
49336
49339
198680
198681
198687
197468
60472
60473
60470
58225
58228
58229
48061
57931
57930
57933
198354
198350
29285
59571
25880
59574
34504
34500
34508
50688
50687
61240
61245
35674
51158
51156
39818
39812
39811
57253
41301
41300
41302
30747
42527
202071
202070
202076
202079
202078
34998
34995
34990
42998
39043
39042
39045
39046
43791
43793
43797
43798
49533
49530
49531
49534
58020
58026
58027
58024
58029
62329
48667
48666
44749
44744
201515
49656
42387
50448
50449
50443
201252
197986
197987
51316
56327
56326
25379
25371
199728
52156
49276
49271
49279
60346
60347
60348
59988
59986
59987
31028
29076
29071
29072
30920
30922
30924
50167
50164
50169
43808
43801
43805
41512
41515
41516
39660
44941
44943
15759
47918
47916
47914
47910
47911
15757
15756
60224
42437
9122
9123
34703
20835
49709
49701
49702
48254
48257
44539
44532
44534
57310
13105
62152
62150
29503
35025
50761
50760
8325
8324
56420
56425
56426
57775
57482
57487
57489
24810
24811
198444
198445
198441
198449
58191
58197
58194
59822
197007
57233
44324
34035
34033
34030
34038
198821
198826
44041
44046
44048
47897
47895
41722
41727
47761
47763
47764
28927
28922
60383
60388
201265
49002
49003
49007
48354
48357
198602
198601
198607
51443
198609
42602
45051
45053
45055
45054
29209
196747
49919
49916
49912
49913
196742
50358
50353
34230
34232
57901
197120
34584
34580
57529
57526
199219
31379
47569
47562
47567
47566
47565
47564
15640
56699
56692
56691
56690
3180
3181
3182
3189
201065
43712
43714
43715
42048
42042
201936
201933
200082
200084
40995
40993
41022
41024
197733
5429
58241
48969
61992
61991
43053
43055
57050
57056
197695
197693
60649
60643
60642
48148
48149
48146
48143
50258
50257
199833
199834
28745
28741
56598
56591
56592
35447
51612
51613
25436
56939
39911
57314
57313
57312
57319
58290
41223
41226
41225
3235
3239
41592
198562
34898
34890
34892
34894
34896
47338
47333
47335
57575
57571
57570
31376
31370
39161
39167
39165
12724
12722
21127
43523
43521
43527
200166
200161
200160
62404
13185
20655
15930
15934
8636
8631
8630
51054
51051
197863
197861
197865
61320
61325
61324
61326
21240
198195
49426
199572
199576
198226
3335
58314
58310
58313
196685
196686
196688
43671
31175
31174
29621
43678
50048
50044
50045
24599
57142
24626
197866
38969
38964
42940
39709
39703
39701
39707
47819
197464
201774
201776
43226
60308
60307
47105
47104
201195
43489
201193
201192
43480
12683
12685
12686
42575
42574
52217
52212
42683
49994
49996
49992
58159
58157
58154
58155
58152
58150
13225
13227
62218
35013
59683
59687
44362
29425
29420
28936
29303
35102
8409
8402
50536
50538
50539
60841
60840
34352
196963
30871
199295
24913
198523
198520
198526
9032
9039
197760
197762
197765
197767
197768
202011
201037
201034
201030
43975
43970
43971
43973
44161
44164
44165
41601
8249
8242
8241
58319
197084
58316
58317
44836
44833
16143
60536
60535
201591
198724
198729
198728
42728
12341
62379
49811
49810
49813
49814
49816
20490
20499
44443
62399
62026
62029
34464
34467
35738
35730
51563
51692
51690
51698
197955
197952
59433
59744
59740
57396
6870
39475
47445
47440
47441
34102
59459
31088
201302
50040
42253
44281
42870
52205
28812
199054
201465
43399
201463
43396
49136
49134
49132
49133
199647
199014
197559
197553
60768
60763
60764
44412
31183
20519
42115
42116
42110
42113
198117
198110
48773
48770
57848
59446
34349
34698
34691
34690
197235
56493
56495
35569
35562
35564
51716
51715
61400
61401
61403
61405
61407
198932
198933
56727
56725
56724
56721
56720
39785
39789
199326
199320
33871
30784
30788
198762
47181
47183
31430
31436
12608
56557
21008
21004
43404
43403
201119
201118
201115
41802
48573
62293
44670
44677
44674
44678
59601
59600
59603
41118
59604
59606
41112
8773
8774
8775
44096
44095
35764
49852
8480
28991
198778
48891
57290
57295
57296
57298
16256
60098
60099
49301
49304
49307
198308
198305
198304
198303
58219
58210
58212
58217
49241
56977
29101
29106
34550
34552
50677
50676
50674
50672
50671
50679
61232
61237
51106
51100
25549
41681
41682
201775
201778
202045
47682
47684
47688
31575
201631
57730
201090
201092
201097
200945
49547
49545
49891
49893
49892
49897
49899
58050
58057
62314
62316
62312
13075
13077
13078
13079
201190
50471
50473
50477
61039
61038
61035
61037
61031
60928
60921
60926
57645
12688
52169
52168
52163
52162
52164
52167
60072
60075
199771
199778
197644
21082
42682
59975
59973
59979
31008
34185
35278
35271
23242
30977
30974
51579
43832
43836
5386
5387
44206
44202
44977
28899
28890
28891
28897
58158
43314
43317
43318
43319
16020
56868
20848
9177
42190
8888
8882
20597
44560
48485
48481
48488
62103
35078
56419
24829
24823
196811
196812
59688
198419
198415
29426
31703
31707
34063
39289
47278
47272
47271
47270
57940
42358
198809
44014
44012
44011
41190
47730
28917
28912
48816
48818
50822
199395
43299
201783
201786
43294
43297
49070
199126
199120
57211
57212
57214
48383
48386
48384
42653
45006
48033
48034
45003
45000
48038
196768
29271
29277
58292
8920
59525
34268
34266
34267
49925
49922
49929
50364
50367
197443
24787
24783
24789
50587
50580
60894
60891
60892
51186
51183
51181
198833
57553
57552
57557
39866
39864
39860
199240
33936
33934
34925
56836
201486
39092
43721
43720
43723
43724
43727
43726
43728
201012
201016
42091
201907
201901
44736
44734
44733
200051
59721
59726
41013
200123
200122
200120
44192
44195
48995
51341
51343
25308
56379
56374
56377
57028
57026
61964
61960
199080
199085
199089
21372
56958
56959
56954
56956
56957
56951
56952
198021
60613
48176
48172
50289
50282
50283
50139
28775
199954
35410
35411
51663
51660
51667
51666
51665
51669
51668
49735
21487
25462
42282
41259
41258
202164
47963
47960
5553
201418
31326
31321
31323
47342
47346
39119
12770
12772
49752
49759
200159
41938
62459
62456
48409
48400
29554
50732
50736
50735
50739
8398
61378
61379
8395
61375
197856
197857
197858
51067
51061
57722
52008
52002
52000
52007
57186
57182
49144
196894
196893
199549
199546
49414
49411
49410
3343
29619
35335
197070
42930
57893
61390
39775
12951
41779
12958
12484
30751
43213
43218
201706
60338
60489
60484
60482
48302
199609
48308
44680
44685
44688
59833
2848
62221
62222
62130
62133
51456
59494
59496
59493
35683
35682
56689
60812
196914
25096
20919
198515
15610
47530
47531
43946
42014
197515
197292
44113
44112
44116
44115
41099
41098
5495
41636
41639
59403
59406
8299
48914
44802
43001
16112
201511
16118
201516
60698
60699
60691
42753
42751
42754
42758
198755
198757
12314
50003
49845
49842
49841
49848
50206
34452
34456
197340
197349
51552
197960
197961
197969
56528
58045
57342
58047
58041
58042
5433
3267
34849
34843
47478
47470
6880
39442
35824
35823
199377
201350
43574
51971
62309
56986
56984
56982
201825
201826
56981
201823
42226
42224
51893
8641
50958
50959
50952
50951
28829
28825
12538
16094
16323
16321
52080
52086
52085
21231
59409
43632
57107
57108
57109
197563
60710
60716
60715
20544
20549
48725
48720
48721
198274
59418
30833
30831
30835
34644
61433
61436
38934
35511
35510
35516
51748
51745
51740
56779
56776
56777
25258
25251
41443
41440
41446
41447
41444
202202
47842
47844
199068
47151
47156
199067
39258
39254
39256
39252
49200
42528
42522
42526
49207
202234
49208
202065
43434
43433
42385
58128
48527
48524
44602
44604
41127
41126
41123
59656
59653
29456
29455
29450
51230
51238
199602
61141
61140
57658
198842
198844
197379
196991
196995
199463
44315
198592
198598
9068
49357
49352
49350
49351
49358
197489
197482
58244
58240
60040
31240
34561
50626
24739
41754
199817
15886
15880
8219
42532
44881
44882
201664
201593
43085
43087
60568
60569
60561
49599
12396
58082
58084
58086
44417
62070
62079
49664
49665
47758
8557
35768
35769
50425
60913
60915
60919
57614
57615
57617
57610
60002
60006
60005
60004
201726
201721
6801
59928
197677
197675
197673
197670
57725
34150
43865
6789
6788
42803
42801
42809
44254
44257
41574
41575
44927
44923
12478
6874
201417
43327
43321
16012
56853
56854
56857
56858
60245
20895
198639
60796
42498
49140
48236
48234
48235
9185
42148
42141
42144
42145
196657
57898
21416
21414
21418
8853
59495
59498
51811
51812
197261
197260
51813
35598
35595
35594
197888
198960
198969
56447
56445
56440
57799
57792
57797
57796
57425
57424
57421
57420
57429
57428
33888
33887
59596
39561
59850
34052
31480
31483
31484
47221
57225
20702
42304
50859
50853
50852
50851
50850
50854
51819
199174
199172
199170
199179
57227
43176
43177
197401
197402
197406
60459
60818
48009
48000
48005
57918
34297
34291
59511
59515
59517
59516
196750
50338
50339
61431
197185
56639
56631
56634
56636
51170
51178
61261
61263
61264
61265
61269
25519
25513
25510
25511
25515
59512
202098
202090
33969
33962
30745
47582
47586
15378
15370
39061
43776
49519
49513
49516
58008
58009
58001
58002
58006
58007
62340
62341
62347
62344
62345
62348
48642
44492
44493
44491
197725
197728
51372
51376
61063
61068
25355
8485
60088
51994
51991
51990
56341
56340
56348
49255
56969
198074
198076
198070
198805
198806
28734
3058
29053
34485
34739
35287
197394
197390
197392
41284
201148
47934
47938
5568
5566
5567
5563
31314
201498
201499
201495
201496
201497
201490
42412
42413
9107
21143
20816
20817
21496
49724
21184
13161
13165
8623
50741
50740
61383
61382
61381
61380
8342
8345
197808
57711
57712
48275
60165
60162
24873
201469
201468
197023
199010
57157
57155
61358
61359
44068
44064
41748
41743
15468
47747
47746
47745
47740
43246
43247
60366
60365
60363
60360
60361
201285
201282
16285
16287
49028
48379
48373
48371
48370
198626
59840
59846
57999
29225
29226
49684
49686
49973
49977
49975
48080
48087
48089
44300
62272
62273
59591
59595
34217
34211
199991
199992
35168
35164
35165
35162
35000
50785
51464
51285
51286
51281
51283
51282
51289
51288
61197
61193
60827
60826
25592
57503
57505
57509
34974
34975
198544
198546
198541
39350
47503
201042
202000
202001
43993
43991
43997
42023
42024
201952
201956
48946
48940
58300
58306
58304
197097
16123
200065
43038
201564
201566
43031
199782
57078
57079
57073
57075
201589
198783
198786
198784
48128
48129
48122
48123
48120
48124
50279
50277
50276
50182
50187
197315
197311
197313
51583
51586
47655
47654
57251
47657
35469
47651
51633
51638
51639
47652
200022
200021
57333
57330
57336
57335
57334
57339
57338
200982
41209
41205
3253
202195
29638
199365
47313
197280
39493
39496
39494
39142
39143
39148
57452
43544
57451
200107
41947
41944
41942
62426
62425
62423
51904
51900
44599
44597
44595
8615
51032
51033
51031
51036
51037
51034
51035
51039
61308
61306
61305
61302
28870
57139
199021
199020
199022
49195
21266
56886
56883
56880
56881
56888
56889
197535
49447
199599
199593
3319
3312
3315
3316
201572
201571
201570
48716
48713
48719
59425
59424
59420
59423
59428
29648
34671
34672
34676
50029
50026
50024
197080
51771
56741
62067
62069
41430
39724
39726
60672
60678
47873
30729
42773
201750
39613
47126
39264
39267
39266
39269
42514
42516
12668
12669
59416
49608
60085
58172
58178
8566
8563
29407
56342
44386
44380
8790
8427
15552
50553
50556
50559
61118
61119
35774
35770
51209
51201
51200
57580
57583
57587
62378
24936
2599
196949
20946
56555
9056
197708
197703
197700
31294
6671
6670
6673
6672
50615
50617
50619
199805
199809
43912
43917
201112
28719
41668
41661
41667
15508
15500
201765
199634
47620
201658
57604
60554
60557
60556
42703
198705
9210
49834
49830
44467
13016
62298
199894
62040
51503
51500
51501
51506
51507
201186
201185
201183
35750
35755
197934
61099
56574
60948
60947
60944
25490
56395
56392
28900
57629
57628
57627
57620
15428
34838
34836
34833
34832
6854
6858
59917
39417
39415
31059
31649
31643
47422
47428
47429
34168
34166
47398
47399
47395
47397
6703
6702
43897
43894
43898
201856
201851
201858
200182
42276
42277
50100
50105
35286
8981
44265
44267
44266
44263
42850
198654
47989
48320
48322
41892
41896
12543
50928
50923
16047
16043
201797
201794
58147
58140
58143
201443
43660
43661
43666
43667
60290
60740
60747
60748
49114
49111
49118
49119
20533
59813
42132
42137
42136
198130
42139
198134
198137
196660
196664
48796
57941
29319
8828
30868
30869
34364
62208
198958
198951
198955
57470
57471
61170
47211
47210
47213
39596
39598
57590
59883
59881
43465
43468
201138
196719
41829
41822
41826
57953
57952
20731
20730
42339
48552
198832
51847
41172
58286
58285
58288
58289
8711
8712
50885
35807
57277
57274
57272
198819
16231
16230
49098
49093
49097
43146
199146
199145
43148
49326
49325
49321
60465
60464
58235
58231
58230
58238
48054
48055
48050
48051
48058
196780
59541
59549
29125
29124
31213
31214
34533
197453
50699
199966
50694
50691
24762
24767
61259
61251
61250
61257
56666
56667
56664
56669
51129
51125
51120
51121
25561
57903
41377
15850
202061
202062
50594
33957
15582
57828
31558
202136
39034
42787
43787
43785
43782
49521
58031
58037
58036
58039
48699
62331
62330
13094
13095
44759
44755
44754
44751
59788
62238
12879
50453
50452
61011
61016
61014
60057
60058
199757
199750
52141
197622
197625
197624
197627
57544
59994
30952
30953
6731
34707
34709
35257
50158
50159
199945
199948
49723
49722
49721
49720
49727
39612
47905
43370
43374
201429
60212
60211
60216
43595
43592
42429
42420
12790
9157
21191
20821
20826
21442
21446
48249
48247
41995
41996
48241
44547
44540
44541
44542
13118
198816
62169
50790
50792
50797
50798
35018
8331
8334
56437
56436
56434
56431
57749
57742
57741
60154
60151
199388
42482
49170
199386
42484
56864
198474
31720
31724
197010
197018
57754
31189
31185
29520
29526
35354
35357
196647
57885
49799
44030
44039
47711
47713
6903
50801
50802
50804
50806
60392
201275
201270
49012
49016
198677
198675
198670
198679
198678
42678
42674
42676
42677
42671
45029
45021
45023
29211
8909
8905
8904
8906
8901
199619
49905
49904
2820
50342
34246
34241
34249
35195
197153
197150
51437
51433
57539
57531
57530
57534
198258
56996
199266
199261
47551
39303
42074
42071
48603
48612
48614
48615
201923
201929
59707
41034
41033
5431
8580
8279
48978
48975
59713
59712
59710
61989
61980
21353
56930
56935
57045
57044
57047
57046
60639
60635
48158
29000
34784
28752
35780
56581
56580
51600
51604
51607
25446
39927
39922
39920
39696
24658
3205
3203
3200
202144
31695
31690
31692
5531
5537
31344
47321
47323
39178
12714
43518
43517
49779
200172
200175
49775
49776
49777
13192
48429
48422
48421
29572
15905
8629
50712
50713
50716
50717
197878
197873
51042
51041
51044
16345
52022
52028
21252
49434
49439
49438
199560
198210
58301
3325
197096
197092
34085
29634
34629
50051
50058
24612
24613
38996
42955
42954
39718
39711
39710
39713
12932
41794
47827
201763
43239
43238
43237
43235
43233
199078
199070
12695
42548
12690
52222
8985
41891
48321
41895
48327
49988
49980
49987
13259
59811
13257
60599
60598
62207
62205
62204
48580
57038
8475
8470
196710
60872
60873
60879
196717
25381
196715
24960
35702
50483
57649
57648
197366
198539
15638
15632
9006
197757
197756
197759
43966
201250
41745
199024
44172
44174
197510
41617
41616
41615
47618
47614
201687
201537
56506
16173
16176
16179
60505
60502
60500
198739
49288
49281
20483
20485
198084
198086
198083
12335
12332
49863
50228
50222
50225
50227
62014
62010
34479
34472
34470
50488
50486
197360
51570
51574
28947
51685
51686
2118
3287
57363
57364
57368
34866
34862
34869
60524
47459
47450
47457
47456
6868
6869
15774
6863
60527
39463
39462
39465
34137
34139
201331
201336
201804
51892
201800
42245
42244
42247
59627
42866
42861
42862
15984
42599
48858
201470
49128
49124
49121
49120
199651
199658
57160
59734
60779
60771
60773
60775
60776
48297
48293
29329
198295
198297
30853
30852
30855
30854
30856
59473
59476
59475
59677
57992
57990
24699
38912
38916
38917
35571
61411
61410
51723
51721
51724
198907
198902
25272
39792
39799
57449
41469
41460
41462
41465
41467
50341
31425
31421
12616
57257
57250
21017
199161
43419
201218
201108
43410
41812
41816
199420
198693
20764
48507
62287
62286
48508
44665
41101
41106
41109
59679
60440
8749
49179
8744
199501
51256
51255
48889
25073
25079
57281
199194
16262
9082
49377
49371
49373
199444
198310
3179
3175
50396
50397
50640
50646
50647
50644
61206
51115
51117
51116
51118
41349
41344
41341
15868
15867
15862
200955
200952
200953
39001
39000
49578
49577
49575
58068
58069
58067
58065
58062
58063
58060
58061
13062
44436
12828
12821
50406
50403
60937
60936
57671
52118
52112
60062
60065
60064
60067
199760
57097
57095
57092
57091
198643
31266
31261
31260
59943
59941
59946
57835
56862
56866
30960
30968
6761
43841
43849
61274
44232
44230
44237
41554
41556
41551
28802
28809
44905
44900
28884
28881
43309
43302
43307
43304
16033
60265
60264
20872
20870
9162
42167
21479
48216
48211
48212
48219
44572
44579
42192
62119
34331
34333
34336
60287
198981
198983
56462
56463
56793
56791
56797
56794
56798
25185
25189
25188
43380
198409
47240
47241
47246
42362
42364
62108
42988
42989
41180
41184
47724
47723
48806
12418
49048
49041
199110
199112
199119
57209
43112
57206
60430
60437
48391
48390
48396
42645
198645
48025
45018
48029
196770
57975
8936
198390
198396
59537
59535
59534
59530
34277
50315
50317
199933
35631
51199
51190
51193
61286
61284
61285
25530
25531
25532
25534
25535
25537
56613
56618
39850
39858
8506
199253
199251
199258
199259
33908
33902
33903
33904
15682
31500
31501
31503
39087
201022
42087
42080
48628
62366
44704
200044
200048
59730
59733
59738
41066
41067
41060
61418
198209
197062
51352
61040
61043
200017
200016
200015
201211
56368
56365
56364
56361
57018
57019
57010
57011
52194
52197
52198
199096
199093
49239
49238
49231
56947
198059
198058
198056
198052
60606
60600
60603
61414
50299
50291
50294
48676
34757
50126
50125
50122
35401
35400
51659
25474
25478
41268
44984
44987
44982
44988
202173
202176
47952
47954
47955
5548
5543
5547
31336
31338
47376
47375
47373
47370
47378
39125
42478
12768
21166
57440
42296
49745
49744
42291
49749
49748
41929
41928
41925
62444
62447
62440
62443
20690
51916
51912
29546
50723
50725
50724
50727
8369
61366
61360
197826
197821
49821
51092
51093
49825
49828
57737
57733
52010
52013
52015
52017
52016
60108
25100
24850
57193
57197
196888
196884
199539
199537
199534
199533
199531
199530
198480
198481
198486
197598
201569
197040
197044
31138
31133
35301
35304
30881
197998
197992
61074
39746
39740
39741
39749
12499
30749
28968
28965
43265
43267
43263
201734
60343
43199
51532
48316
49953
49955
58190
59829
2875
2878
44322
62256
62257
62251
62253
12925
51444
35147
35140
8440
8441
8443
8449
197783
24955
196923
56548
198563
56545
56542
33987
33989
39379
39376
39374
39371
31588
31585
21335
21332
47522
49260
49261
49268
42002
42001
6699
6698
6694
201970
197905
201100
44128
44126
5461
5467
5468
47645
201716
59539
51939
51932
201507
60684
60681
60682
42766
42767
42764
42765
42762
42763
198764
48100
48102
48104
48107
48108
196667
50212
50215
50214
50219
50218
51635
28702
28703
28709
196669
62283
197333
197331
57681
57680
47737
47733
57351
57352
57354
15731
3277
59672
34858
34851
47486
42286
31626
31620
35813
35810
35815
43569
43567
42289
42288
20611
20619
201835
201839
200121
42219
48478
48479
48470
48472
48475
48476
48477
47418
15974
8675
50947
50946
50942
51011
51012
51015
201781
197385
201788
57113
57117
16319
52090
52093
52096
52099
43605
43600
60726
60720
48733
48731
48739
48738
57805
57806
57803
57802
57808
198261
2854
34389
59404
57215
50000
50001
50002
50007
50009
35389
24665
24663
38922
35526
35527
35522
35521
51751
56763
56762
56761
56760
56764
56769
56768
25227
25221
41458
202239
202231
61165
47857
47855
47854
47852
47851
31470
47149
47141
47140
47144
49381
49380
39240
12646
21048
48032
45005
48035
48036
49668
41846
41844
41845
41842
41843
58112
58111
58116
58115
20793
57969
48538
48531
48530
48532
44636
44634
57964
59644
59641
59640
58293
56806
59399
50578
50571
50577
51229
61131
61133
51226
50511
198877
198873
199472
199476
9077
9078
49345
49347
49346
49341
49340
49342
49348
197498
197499
197493
58255
58257
58253
58258
31277
31275
48784
29147
50639
44870
201677
25086
201582
43097
43095
43093
43092
60575
60573
200988
62429
62422
49583
12389
12380
58097
58095
58094
58093
58091
58090
44408
44401
44406
62065
62063
28784
51520
51523
12819
8568
50439
50435
50436
50433
31225
197919
31224
57609
52126
52121
60034
60031
56601
56603
59937
39434
39435
9134
34147
34145
35237
51956
35239
43878
43874
44248
44241
42839
41566
41560
44937
44938
16064
201421
56820
56829
43686
43687
58087
42481
21287
21289
48225
48226
48223
198150
198155
42151
196648
196641
196642
57883
57882
49797
56830
8848
8849
8846
57843
59483
59482
57842
50089
50082
50085
34300
34303
57847
197273
197276
197275
197896
198974
198976
198973
56457
56451
57418
57412
57410
57416
199369
199361
51578
21298
47231
47236
39578
39575
43449
43442
42317
41691
57876
29632
50776
35032
50775
49782
50771
21438
8732
50863
50860
51804
51809
43168
60442
60446
48078
48079
48076
48073
57926
57923
198342
198341
198348
59561
59562
34518
50327
199901
199906
199904
201717
35641
35640
35645
51494
51495
51497
56648
56642
61276
61271
51147
51144
39821
201606
41310
41311
15835
202086
202082
202080
33972
33974
39058
39054
39055
43761
49509
49508
49505
49502
58019
58014
58013
13304
13305
13302
62350
62356
62358
48678
48679
48677
48673
48670
44779
44773
44772
44775
44774
41050
59760
44484
44486
29390
48909
8269
59722
199504
51303
51308
51309
48905
61075
25341
25347
56336
56337
56330
56331
199739
199732
199735
2766
49267
198062
198069
197607
197606
29069
34490
30936
34720
34726
6719
50178
39678
39676
197298
202127
202126
47923
47925
5591
5598
60236
51951
42408
42403
51952
9130
20807
20806
20803
49718
49714
49712
44528
44522
13174
62142
62143
62149
8684
35035
51348
8359
8350
51346
197817
197812
57766
57767
57762
52047
52042
52043
52040
52041
60172
60179
57490
57494
24866
57573
199502
198456
49293
49291
35377
35374
12820
44053
44050
44056
47882
12999
41733
47773
47775
60379
60375
60377
60373
201298
201296
201294
51882
49039
49037
49032
48349
48347
48343
48340
198610
198615
198617
198619
198618
21378
42610
45048
45046
29233
49693
49698
21375
8964
49963
49966
62264
62261
34223
34221
35178
35177
35173
197139
34590
51416
51410
51418
51419
62008
61187
57512
57510
201757
198555
198552
15658
51548
47577
47579
3192
3191
201052
57204
43981
42056
201949
201945
200095
40987
48950
197793
56536
56537
197794
56534
56535
60525
199049
56533
201555
201556
43045
43042
56915
56916
56917
57064
57063
60651
198791
59411
50240
199866
199860
199820
199862
199825
28736
197309
197306
197303
51599
51598
51593
51592
51596
51624
51623
51621
51628
57306
57303
57308
41217
196721
3226
59528
34887
47307
39156
39153
39150
31363
31364
31368
12739
12730
59440
201390
201394
21135
43537
43530
201297
200113
41976
41974
41975
41979
62413
62410
62415
20663
51883
51880
48441
48442
48448
8600
196678
50992
51020
51027
51028
61335
28860
25159
199430
49181
21270
49186
21275
49189
56895
56893
198185
198181
198182
49458
49451
49450
49452
198616
199582
199583
196699
196698
196695
196691
29388
31160
29651
59875
34600
34602
50033
50035
24588
24638
38978
38976
38972
51838
51831
51836
51834
42974
42972
41403
39735
47804
47807
47808
15493
31444
201744
201745
47117
47115
47111
47118
47119
29493
42561
42563
29497
42569
12679
52208
52201
29499
52207
42693
42690
199153
197467
197466
49619
49613
49612
49614
197461
197460
198683
58163
58162
58165
13238
13230
62269
62268
59693
59696
59697
29412
47677
8411
8410
8416
50543
50542
50545
50544
50549
61106
60852
60854
60856
199281
199280
199287
57596
199427
57589
197779
197773
6662
198358
43901
43900
43903
43907
43909
43908
59577
59612
44158
44151
41673
44849
44848
44840
44843
44845
44844
44847
47637
47635
42448
56999
60523
42710
198715
198716
198711
198712
49809
49804
62382
62389
13002
62036
51515
51519
35722
35723
35728
197926
200152
56564
56567
60954
60952
56384
56380
34802
34801
34804
6844
57518
39407
39406
47433
47437
47439
47438
34112
47385
31094
56879
201312
201316
56877
62450
56874
51957
201861
201865
201864
200190
42265
44296
42843
42842
198688
50911
50916
50917
50918
16054
201452
49108
49107
5589
43677
43675
43673
43670
57149
57145
60753
198685
29304
8817
59452
59454
34351
35083
35087
34687
34682
56488
35550
56483
56480
56486
56487
35558
51700
51705
51442
198929
198923
25296
25290
25293
25292
57460
61372
33844
33842
33840
30797
47196
47193
43478
201120
201121
201123
41837
57175
201224
57174
57179
48561
48566
197577
44640
59616
59614
57856
57857
50895
8492
8491
8496
57728
28983
28980
28989
51271
51274
25051
57268
57261
202104
60135
197449
60139
49311
49316
49315
198372
198373
198376
48044
48046
48041
48043
196798
196791
196796
196797
196794
59557
59559
59558
31208
31205
31200
34527
196626
50663
50666
199959
196623
61228
61229
57822
57820
57827
57824
56674
56677
56679
56678
57181
51133
51136
51138
202058
202051
15599
31566
201620
56504
39399
201088
201083
200976
39028
49554
49557
49551
49553
49558
49880
49886
58048
58049
200028
200029
48687
59796
59793
59792
8515
8510
12846
50466
50464
50465
61024
61020
61021
199956
197074
51339
51334
196803
57651
52179
60043
60042
60041
52177
52175
199745
197632
48839
59960
34192
50147
50141
50142
50149
43823
43820
43826
41536
41535
39604
44969
44963
44964
43362
43368
198702
43583
42187
50071
21453
41983
44552
44550
44556
44555
48498
48499
51789
51781
51783
50787
35004
50789
56407
56405
12494
56409
24838
24837
24832
57755
57756
57751
57753
199044
199040
198468
198461
201575
31738
34017
39293
39294
47260
31192
31191
31195
42340
199897
44310
44020
44027
44025
61009
41704
41706
62046
28906
48827
48826
48822
50817
50816
43286
43287
57562
43132
199136
201244
201247
60413
49064
49066
49060
49063
49390
49396
49394
198660
42668
198667
45036
59880
57959
58284
8915
29190
29196
29194
29195
49939
50374
50378
197140
197145
50596
51429
51422
57540
199274
199278
15454
15455
56577
56578
47547
47541
47542
39317
43730
201009
201008
42069
42065
42062
48607
48604
48601
201914
201916
201911
201910
201913
44720
44724
44727
59718
41002
28738
56393
8599
8594
8595
8592
48986
48987
48988
61979
43072
43078
49218
60591
60593
56923
57031
198039
60623
60625
60628
48166
48160
34771
34775
199858
28762
28769
35793
51679
51674
200066
39688
39684
6857
6856
6850
3216
3217
3218
202154
202155
202156
202150
57153
47972
47974
47976
5523
31036
31359
31353
31357
47350
47352
39101
39102
12705
42451
21103
21105
21106
21109
43501
49764
41904
62462
62461
48416
29561
15913
50707
50706
50703
50701
8382
197842
51078
51077
51070
51071
60122
60124
52038
49404
49403
49400
59831
59837
198207
198201
3351
58330
197068
31112
34098
29603
57200
34634
50060
24602
38986
38985
38984
196726
42920
42922
41789
41787
41786
41783
30767
30768
47839
47837
47832
47789
47783
47780
47787
47786
47785
43201
43208
43209
60329
28800
31137
60490
60496
42559
42558
42554
45013
8998
8997
44699
44696
44693
201850
59801
44347
48597
62233
62236
57971
57973
51860
51869
35125
35129
8460
59533
59532
50519
50516
50514
50512
50513
60863
60865
60864
60867
50502
20903
198501
198502
15620
199674
56683
56685
198817
56686
43952
43951
201994
201996
59855
199459
41080
41085
5480
197169
44103
197163
41625
47668
8263
44816
44810
44811
44818
201694
43346
60519
60518
60511
60510
60513
198747
198745
198740
198748
42748
42740
42742
62419
49870
49874
49878
50236
50230
62004
62006
34441
34449
35718
35715
50498
35711
197351
51547
51543
60988
60980
60986
60987
60985
31257
57375
57372
57378
34879
34875
34874
47464
47465
47460
15781
6892
31600
34121
34123
39186
39182
9124
35830
35835
57561
20631
20632
201812
42231
42233
50960
50967
50966
28832
12500
16083
21225
21226
199626
199624
199623
199622
43621
197574
49483
49481
60702
48282
48287
20576
48758
56807
48753
48755
48757
56802
60299
59462
59465
60292
61422
61421
61426
24689
24684
24680
24683
35504
51730
56701
56702
56705
56707
198918
41475
202218
33819
33812
31415
47166
47165
47161
47168
39229
39221
39222
12622
21023
21020
43429
49648
49641
49642
49644
41861
41862
58139
58132
58133
58134
58135
58136
58137
20772
48510
48515
44612
44618
44619
41134
57861
41130
59663
59661
59660
59667
59666
59665
8755
8756
8752
35026
35022
35021
50762
57947
51246
61152
61150
61151
61156
25001
25008
57867
199186
199184
199185
196986
196989
198580
198588
49361
49365
49369
49368
20985
198324
58274
58279
58278
3168
3167
47218
199079
48245
31258
34574
34573
50383
50382
199072
24722
24721
50650
50652
50654
197526
197213
44899
44895
44893
44890
196847
199394
