29255
201225
49240
44995
44138
48932
48937
49475
49474
198254
30815
25233
41426
197820
44623
39891
34397
60540
41147
48840
58025
197989
49911
25438
39919
41594
31177
42943
201197
42684
60161
47606
57458
20759
52161
43316
202105
57968
56608
50280
62452
35338
44689
51975
29690
25019
24731
48237
61268
43775
34733
50104
47930
42591
39358
42028
30981
200025
15505
44465
35753
49116
41176
50880
60462
199963
57900
39386
48695
60050
60055
43373
43378
42428
17927
28938
43706
201927
198005
31699
47327
47794
30857
56714
41810
197247
198406
62194
197994
34400
39370
42769
34426
57689
35819
12529
57112
35388
47146
56604
39432
42838
43766
41054
41739
51549
43987
41215
50999
199001
47805
49610
49805
28987
42182
8895
42067
60621
51670
50517
35697
29684
41472
31416
39228
44614
41132
29160
196848
