62089
57084
57083
198170
51929
201171
48875
48871
43101
197436
197430
49232
197194
56625
39840
39078
48657
51368
60094
56976
30912
41274
39651
39656
39658
5574
39137
15793
196871
199520
197581
30893
51821
41753
2836
2833
2832
49949
48093
2863
197116
34946
34941
201965
44136
199425
16139
16132
43021
197323
199968
57327
199215
201409
202188
56848
44581
20861
28847
25172
25176
58343
30811
29672
38956
47287
13214
44625
8434
25037
9046
9045
43922
201641
9201
44471
199885
35742
61083
201846
42823
12552
2810
42127
8837
199318
201146
8702
199154
199150
50683
43796
44746
44743
201733
30921
50168
13104
29506
57770
57777
24813
24819
44320
57238
15404
8979
8973
2839
2838
2837
2835
34234
34236
42047
57054
13189
50255
35445
29156
198568
201380
50986
25146
41992
34610
41410
39708
41884
48768
35100
43974
44838
198093
44447
62020
42251
50904
1883
1882
1881
1880
43645
197557
20513
20514
35565
31432
2865
16253
16251
49303
34556
24701
25545
202046
202044
31574
49898
8523
41528
35073
25196
39287
44016
44013
50820
50821
50827
49079
59521
196967
201013
48994
48171
199955
25466
8674
62180
62183
197855
60133
52005
199543
199544
49419
58320
61391
39778
60184
198513
39369
200150
43948
201983
44111
16115
16117
35494
31634
20626
20625
8642
1878
1879
59408
197560
197564
51747
25252
47152
47155
61146
198848
198840
196996
29155
8213
44883
60567
60910
6780
6782
43326
60240
60792
42499
29344
35041
199977
51815
35599
198965
33886
33885
41584
42307
42303
42309
57220
43174
202099
202093
43770
49515
44769
41041
59750
12889
49251
56961
41281
39643
39648
202111
202116
196867
57151
42595
42622
2814
62271
28680
198549
39351
42029
199564
200060
199780
199781
60662
50273
28726
51634
25417
25416
39490
41943
15950
25169
49194
47298
39268
12939
20943
60967
31292
199639
2831
39889
44852
42708
35759
56573
47708
59913
31644
31642
43893
50924
43665
34363
35542
39597
39590
57955
20734
198837
41174
41175
49096
49329
7589
34537
39806
202064
42788
13096
44757
60053
197623
31024
56531
201428
60213
43591
21195
13116
50791
198476
44034
48833
60396
201271
29217
29216
34244
39302
59702
41980
198008
39173
49770
51040
21250
198217
34622
12935
42542
8984
48581
8479
8473
25387
198538
42732
28942
35706
197942
34133
51899
15980
197541
196639
61413
56711
2815
2817
2816
2813
2812
49172
41819
8748
199998
25072
16261
9088
3171
61207
41340
15869
47698
201604
13063
62094
199902
199768
43844
44236
12597
16037
60269
198160
62116
35068
198407
42984
48803
57208
60433
33907
31507
2811
41063
200018
56946
198054
51650
25475
25473
31331
31337
52019
52011
24853
57195
197595
30880
199345
2874
62254
197784
34950
31584
44123
8289
201712
196704
43012
43018
21503
197332
197339
35488
28854
28852
21202
21200
198267
34385
25223
41457
33837
41848
51876
57967
29468
50572
199470
35605
43099
43098
43096
12384
12381
57602
6797
20888
48220
21297
44368
47234
39570
43448
42318
8195
198347
50329
33976
39052
39050
13308
51307
48904
197603
197609
50171
60238
13177
29518
24862
198450
34025
34029
8532
28954
60376
60371
198612
49222
49969
2808
2809
2802
2803
2800
2801
2806
2807
2804
2805
34228
62001
34965
200090
29024
197308
51594
41216
3224
3220
201391
48445
197799
3309
3301
34607
25217
41401
39731
42695
59692
60859
57597
197771
47630
16150
49801
56563
56382
199973
31677
201869
44297
201456
198105
34686
51701
56734
56735
56736
30795
44641
1755
20574
49317
48042
196799
196793
51132
31568
5601
201087
39021
2834
199355
44394
60205
12782
48495
51780
198463
201230
42347
28908
57567
199137
201240
45038
41775
39870
39871
34936
49272
41001
197617
43071
49217
2798
2799
2793
2796
2797
2794
2795
41240
41243
202157
202152
43504
200144
49769
62463
15912
8385
197847
49408
2846
2844
2845
2842
2843
2840
2841
29602
50066
196723
24605
38982
45011
8996
8995
59807
2859
35121
8464
201993
44813
49292
59835
47467
15782
201816
42230
15991
12501
21227
30821
56700
25240
41473
48514
41136
198581
3166
29166
34576
201610
