57084
57083
51929
48871
43101
197436
197430
49232
197194
39840
39078
48657
51368
39651
39656
39658
39137
15793
196871
197581
30893
51821
41753
2833
2832
49949
48093
2863
197116
34946
34941
44136
16132
43021
197323
57327
56848
44581
20861
28847
25176
30811
29672
38956
47287
13214
43922
9201
35742
12552
42127
50683
43796
44746
44743
30921
50168
13104
57777
24819
44320
57238
15404
8973
2839
2837
34234
34236
42047
57054
13189
50255
35445
50986
25146
41992
34610
41410
39708
41884
48768
35100
43974
44838
198093
44447
42251
50904
1881
1880
197557
20513
20514
35565
31432
16253
49303
34556
25545
31574
8523
41528
35073
25196
39287
44013
50821
49079
196967
48994
48171
25466
8674
39369
43948
16115
16117
31634
20626
20625
1879
197560
197564
51747
25252
47155
61146
6782
43326
42499
35041
51815
35599
33886
33885
41584
42307
42303
42309
43770
49515
44769
41041
49251
56961
41281
39643
39648
42595
42622
28680
198549
39351
42029
50273
28726
51634
25417
25416
41943
15950
25169
49194
47298
39268
12939
2831
39889
44852
42708
47708
31644
31642
43893
50924
35542
39597
39590
57955
41174
41175
49096
49329
34537
44757
197623
31024
56531
43591
21195
13116
44034
48833
29217
29216
34244
39302
59702
41980
198008
39173
49770
51040
21250
198217
34622
12935
42542
8473
25387
42732
28942
35706
197942
34133
51899
15980
197541
196639
25072
41340
15869
47698
13063
44236
12597
16037
198160
35068
48803
57208
33907
31507
198054
51650
25473
31331
31337
52019
52011
24853
197595
30880
2874
197784
34950
31584
44123
8289
196704
43012
43018
21503
197332
197339
28854
28852
21202
21200
34385
41457
33837
41848
29468
50572
35605
43099
43098
12384
12381
20888
48220
21297
44368
47234
39570
43448
42318
198347
33976
39052
39050
51307
48904
50171
29518
24862
198450
34025
34029
28954
49222
49969
34228
34965
29024
197308
51594
3224
3220
48445
197799
3301
41401
39731
42695
60859
57597
197771
47630
16150
49801
56563
31677
44297
34686
51701
56734
30795
44641
20574
49317
48042
196793
31568
5601
12782
48495
198463
28908
57567
45038
41775
39870
39871
34936
49272
197617
43071
49217
2799
2795
41243
43504
15912
197847
49408
2846
2842
2843
2840
2841
29602
50066
24605
38982
8995
2859
35121
8464
44813
49292
47467
15782
42230
15991
12501
21227
30821
56700
41473
48514
41136
3166
29166
34576
