9255
45445
45634
23711
45342
133466
133462
9450
131475
17919
133091
133097
133098
133099
18106
9656
56300
132293
59345
59349
131217
133921
24232
59326
132466
132465
45166
55781
56094
133013
132053
133903
38489
55770
9827
55421
55425
55426
56197
56198
24075
132399
17761
7634
38316
58718
132589
38532
17819
38181
56114
9516
132312
23936
23939
38801
132500
38213
18254
45755
58619
23767
59258
59253
59255
55737
56289
45938
45934
7700
9890
9892
58878
133165
9419
56043
132265
131790
131243
132439
131165
9234
58722
24493
18224
18228
133959
10074
45159
63949
63948
63943
63942
63947
17645
133497
56122
55332
55336
133757
132804
45794
45795
17733
63523
37989
132686
38545
38540
45501
45505
55854
55855
133850
45941
133924
4844
38055
133136
133134
10100
10102
56039
38798
132039
58621
45139
133411
58982
46066
55487
63930
45227
45241
45244
7595
132047
18219
17558
10024
132237
132236
56308
56175
56172
56173
7658
45452
131304
134082
134087
133535
63912
24546
23703
58956
4772
4773
17617
133472
133470
133471
133479
132016
132011
133103
38001
132526
55553
133600
133882
132288
132281
132286
45919
55919
38821
9292
133025
17886
1825
132202
132200
45817
45736
132625
45133
59369
9506
132328
38386
9719
55504
58593
59241
59245
7473
132700
133422
17926
133735
10120
133210
9798
38481
58669
10086
9989
56215
132253
131259
24331
23653
59367
55464
18402
24030
24038
132425
133587
58755
58751
24482
133058
133942
133944
45802
45143
133391
133390
132910
132915
58885
55348
4657
133748
133744
9247
45470
45477
3758
58562
23728
59210
59211
55843
133862
132734
132735
132731
55755
133456
24247
131195
131194
23979
133625
18113
38258
9911
131208
9434
4836
132475
132472
133449
45258
133794
10230
46078
133911
133912
134079
134078
10031
131285
132142
1250
55430
56161
58436
38321
38325
132359
17493
24552
58948
38621
132307
58523
58521
45422
9731
24467
133899
133891
131236
45234
23986
58867
10140
10149
23864
132078
132073
55562
56274
132277
132271
133487
24012
132406
132402
7610
9226
24319
24312
45129
55820
17743
132132
24096
132332
132337
132334
4631
58738
132816
10146
132356
45414
18377
24114
58795
132699
132696
55518
38238
132739
63832
23896
38860
38861
38862
38865
10117
23855
58679
10091
133410
132247
132242
132243
55497
24024
132081
132082
7472
17548
17549
17547
133545
133541
38028
133387
9877
9874
55418
55415
132829
58513
