9255
45634
23711
131475
18106
9656
131217
24232
45166
55781
56094
132053
38489
55426
56197
24075
7634
38316
38532
38181
56114
9516
23936
23939
38213
45755
23767
55737
45938
45934
7700
9890
9892
9419
56043
131790
131165
9234
18224
18228
17645
56122
55336
45794
17733
37989
45501
45505
45941
4844
38055
10100
10102
56039
58621
55487
45227
45241
45244
7595
132047
18219
10024
132236
56308
56175
56172
56173
45452
24546
23703
4773
17617
132016
38001
55553
45919
55919
9292
17886
1825
132200
45133
9506
55504
7473
17926
10120
9798
38481
56215
132253
24331
23653
55464
18402
24030
24038
24482
45802
45143
55348
4657
9247
45470
45477
3758
23728
55843
24247
23979
18113
38258
9911
10230
46078
10031
132142
55430
58436
38321
38325
24552
38621
58523
58521
45422
9731
24467
45234
132078
55562
56274
24012
7610
9226
24319
24312
55820
132132
4631
10146
45414
55518
38238
38860
38861
38862
38865
23855
10091
132247
55497
24024
132082
7472
17547
38028
9877
9874
55418
55415
58513
