197663
43854
41543
21401
48011
48016
33918
57554
48653
51988
31060
51644
44993
47360
9119
60114
44073
51295
198572
50195
197326
35471
15946
25173
57127
41427
25034
60973
197907
56993
47993
20526
50093
197209
199050
197791
56651
15822
31545
34717
47917
35343
198827
35186
15393
56695
198011
51615
47336
197864
25149
24629
42948
28933
198524
51565
56513
2107
15767
48774
48772
30841
35561
49853
48894
25066
57291
198307
58213
25541
49896
58056
42681
51790
51856
43128
48388
29273
29276
49927
197441
201905
44730
25303
199951
25467
12778
49754
196895
197511
196912
201985
197514
41630
47676
42757
58046
202200
43430
25017
198841
15889
49590
49593
8558
197679
16016
20892
197266
51816
197881
8727
199177
56635
29051
34488
197391
12785
197806
28682
15664
43034
39497
56884
198245
39727
199638
42700
44463
51509
25499
57623
42273
43663
34367
35099
33850
43462
41828
197470
48059
29121
202137
39387
199755
41505
49725
47904
47903
60215
21441
44549
198470
41716
49015
199612
50344
51434
57532
199268
5435
43061
41582
41916
197877
198213
199071
49636
9001
51573
44823
29089
197944
197545
198298
51803
44667
41104
44085
50391
197655
6764
31711
41182
60435
48398
198644
196772
43750
16184
47959
20691
197045
31134
16104
47481
28850
12644
45002
44632
25020
50634
41640
199249
21283
48222
29374
43164
197416
24747
197536
51143
198061
43351
44524
34024
28951
42613
57517
39320
41970
197796
49618
24908
2610
44455
199971
31095
56481
201060
44647
197579
57854
28984
28985
25059
5603
42791
197635
44968
8307
50815
50592
39872
33929
48609
8591
29015
34779
3212
31687
48419
197843
52035
49407
49402
59834
39765
58270
201522
60514
197970
39187
24728
49482
61424
51735
43427
44615
35023
196846
