8290
201890
16006
57788
56356
29531
57706
30898
51828
35476
202224
47867
34820
201841
42826
43451
57248
56656
25373
6726
57547
29208
57051
34791
16354
12905
1922
2607
6658
16142
60533
34462
197555
8778
8887
60895
56955
35419
58328
31127
201702
48304
58044
15962
50953
49659
56937
6803
60791
42302
60585
56349
197398
20581
43248
59848
60829
198543
197284
38949
56747
29405
196944
47627
25496
6855
41899
48326
60296
49115
50881
58232
59548
12426
57710
57716
201924
56933
51947
8620
48907
197642
6862
59477
21019
201603
5628
44234
21460
44001
49044
24791
24727
39854
50128
51653
42005
8288
48103
47483
48473
51013
16317
57801
44631
57606
57414
39574
197411
24744
41318
16295
24980
48133
50242
16367
8257
31679
42841
56814
20579
34521
48689
44185
8597
56926
31117
35328
59538
196900
201997
8264
16160
34443
39456
39455
12508
56800
58130
57865
58275
199392
