46261
49909
34006
27008
5662
9497
31321
4637
35742
36734
46742
52851
30162
48648
61844
24923
25189
21769
35019
42306
37619
23655
5049
11383
23338
47502
61372
21150
12998
7048
48315
44826
31546
378
50473
56672
7505
61950
27288
49140
52233
24213
42723
51032
41709
50045
7315
33843
22489
25206
52173
27800
132789
42518
18268
40581
5726
36994
24881
27320
28359
35737
28511
38934
29802
8654
16176
38158
39613
16143
6874
34419
43550
29600
52554
12871
17293
132410
42187
4610
2611
20870
9371
59627
13645
42728
38740
16700
27318
58779
9893
12778
12883
44158
7829
47165
39045
57011
10031
37637
10715
32329
13578
20815
25159
54376
28684
48323
15491
34119
32982
3261
52783
8595
29304
54225
21183
11402
16229
197426
33742
5462
53070
59856
50244
31025
7738
31133
39537
49558
33514
3958
8515
53171
30134
263612
38753
23374
30094
37308
10310
5588
27501
39326
31621
17231
43966
200081
49242
53144
44605
59620
34265
18687
52610
5438
47720
4651
8749
60330
8763
20413
39762
16245
8308
35575
43061
32622
39102
42892
27751
37013
15440
34629
10292
24187
47118
263665
132246
12119
131256
21175
23523
27552
6429
28135
16030
12389
19497
393457
262605
28349
36280
48044
16276
7086
43832
11921
251
8820
7782
62
49895
35400
57091
39442
40189
17579
29049
50673
46449
45538
38883
8055
19152
262631
8767
11367
6798
6450
29259
38182
40128
63008
263327
9667
22442
56833
39273
62407
27011
46832
8192
26994
29685
39251
28891
42883
12360
1689
62415
13694
27272
15673
6854
23138
15617
6412
44281
58688
10583
3766
5725
31950
39710
47370
37012
45296
54652
3333
47143
34421
38095
14753
30904
28716
26546
47169
45916
38278
262847
5400
30170
37958
44682
36923
13319
33983
21570
22343
58656
2614
52836
38229
16110
15003
30900
35236
47211
39458
1916
3292
132862
8542
34187
5404
50211
44022
262848
45287
48230
12222
27796
52880
12874
30362
53022
55670
10430
34279
46375
51945
63005
63157
6471
8513
16344
40387
37140
13285
51942
15704
21011
3464
47245
41011
3329
18863
28364
43293
41209
56169
9556
12480
23265
11796
6295
20773
12810
43082
8470
19855
58601
53110
8452
2140
11557
52327
55554
39097
15065
17705
34568
32654
263437
36327
47095
23352
37054
8462
11693
1226
20454
35558
4764
52973
18865
34757
41440
10954
7219
58389
6473
18494
50481
9329
21101
9785
19133
32068
55465
42429
17714
27742
49371
25227
49403
42010
9652
262770
263584
21409
46515
24904
41221
50472
8823
62784
46347
21284
19261
10823
9457
4269
28620
52573
20473
5486
36971
11030
15344
8121
19531
15450
56468
24043
20950
1423
29084
8928
25091
20214
52201
9814
17709
28654
10913
52770
49583
35745
48832
39049
22335
25203
58243
35916
26617
9976
53038
58577
33763
131717
1828
53471
58699
35199
48889
11712
37061
59653
30373
31585
12993
51691
3324
7725
262688
59900
8167
47159
51375
262643
9466
60890
52550
30691
58704
12703
31343
15744
25515
198605
18490
262494
25637
263080
10835
25520
44677
7453
20312
37110
55361
9441
14313
43833
18379
29319
3378
24229
18117
13170
33031
25651
31727
61163
57866
6296
23367
59583
9918
40653
34569
9008
51892
57193
7672
15372
60158
43754
22244
133268
20884
58209
198218
38566
3833
2602
34820
60884
38285
12611
24323
18119
41938
17948
14492
34267
27630
55353
28666
5386
45414
198596
16532
28192
131127
34303
51930
13730
262914
51184
28271
25975
49350
15191
30640
15129
21430
44684
60280
22534
263655
4263
39608
28293
20515
13446
7796
14280
29889
18033
55229
198499
4780
15577
8175
39056
53149
45558
34295
31198
39339
9136
10208
19114
8751
6653
17813
8562
51827
15541
31342
52276
17408
13855
13802
27678
48484
8395
8495
13649
21737
30259
41960
17857
8376
8369
9113
39301
40975
43496
33971
36086
25542
2119
27896
36324
44604
63855
196714
5061
6582
53692
2895
4770
15672
25384
58473
3801
32678
9070
12897
15806
58482
9246
51028
12187
15301
57217
48897
35302
50023
4657
131334
32222
11986
16007
16186
17477
47474
43537
52993
48294
17054
55945
38640
49457
17451
57463
29177
16243
29073
17623
30729
55405
28986
50091
62956
33951
1764
22438
34863
18934
132640
20714
19541
40824
47232
6315
29152
131447
197798
18070
37101
51648
48284
49594
28244
21105
3226
47594
5078
34898
51744
5550
19653
39765
9829
8808
7065
31078
33084
197506
6718
7407
10269
48249
7352
24521
6894
34221
8677
198157
132347
16246
23745
28309
44587
1257
393444
198171
34779
3595
54234
37148
33483
199319
53023
12615
35816
58620
45514
8473
25961
35753
24852
54002
18489
61978
53062
262681
13433
132742
8375
2514
29909
18206
35115
41770
39531
40911
49934
8310
12445
29329
9143
57451
29655
10507
16837
31094
197686
20845
262851
44882
34397
262504
13189
34056
197216
43687
19086
30997
42845
10490
6802
24439
24599
34347
21414
49151
29232
26929
51461
3700
45669
5484
19271
45267
48654
36687
262184
13173
59761
33567
27986
12111
197394
22573
14399
46785
27524
27323
47241
33659
23774
5397
9950
46957
262731
42981
48658
46717
27807
6057
58715
27750
28738
19050
132884
15426
3910
8559
59790
49282
13489
6900
9689
22381
23829
56308
36394
17151
7049
3253
31257
4779
28964
28512
49309
13270
44512
202056
196709
55385
26096
36846
19782
3058
719
24479
37028
4658
42210
7552
262434
23033
262801
263038
26244
21191
43531
50864
32719
48964
13576
10778
28263
56133
262421
7012
197595
23637
35004
24679
16164
32479
49835
50810
51580
57102
16967
2500
263143
42861
16058
3728
11032
14135
35962
58933
262997
21495
31499
31742
36149
11115
21236
34744
56755
9889
15645
12731
36873
29686
24238
9145
201977
58923
13307
29031
37374
51048
45294
57344
50618
56634
18400
41622
133185
8692
199244
60496
61297
57487
20597
30600
263434
31287
43338
12642
25509
41307
31712
28745
31112
58470
18391
57494
262814
36628
6621
29452
45846
31611
33765
22645
52982
262988
8732
10733
26163
15219
45960
852
59742
33749
12148
39811
18883
55653
47215
17975
5392
35539
41852
262469
8346
11139
26668
37045
33991
7514
18965
2516
52928
2687
262440
28183
31415
44581
46198
47927
48039
15685
13257
28171
16685
17373
34204
1886
10355
20514
31669
262493
25082
18747
18108
44027
31726
12687
6994
9824
7654
17666
36423
49131
30740
43244
21013
8657
63494
13672
30721
48950
20328
42526
47605
9313
35425
199551
58943
9676
31357
14701
34250
27882
29217
15533
35625
46353
34584
20912
29846
43545
4922
262509
16523
16942
262624
13094
39046
54543
21766
8103
57055
131210
41369
43266
33764
5521
23131
38759
15576
33885
33409
393521
8544
54646
58913
28205
50459
34661
44942
2134
36619
7664
16202
27299
32016
47207
49808
5017
43350
12046
4058
1136
24155
262733
41976
27924
29582
19397
34739
5532
53486
50398
38197
12494
21859
5794
35421
60777
35993
20193
40440
4581
14988
51728
28761
9905
31703
29456
39434
15152
48237
1803
15296
28292
31242
33695
1610
33662
42652
52344
33529
42298
22006
48287
24492
3300
11537
53388
6189
37578
50139
48961
47680
37612
49058
16422
8371
17431
29046
55666
19685
2603
35574
3254
1797
29147
7594
7194
43213
40284
18851
18092
24590
15267
27773
39473
59492
4802
59514
35376
57397
15463
39248
53043
38462
49788
8368
50158
21123
59542
18364
44895
53230
5495
5541
22768
263047
41811
6629
27257
50643
2381
48943
36236
17498
59581
8689
32440
39582
58507
6739
52324
5511
39612
36624
31425
15836
26225
27322
23314
13750
22011
262352
25460
35205
6858
3269
28697
13230
53727
20916
23372
9032
8386
24989
9790
30032
44009
2686
24085
24722
8788
818
36103
28242
27364
33922
28775
20021
25070
20965
55577
34354
43578
18624
55423
15006
20866
31147
18508
48200
17622
131320
6421
26259
40193
33657
263058
6782
42184
42313
26271
26753
41842
48124
37137
50949
23936
34501
21918
53237
7250
32734
60929
21155
262820
8752
56462
4680
28510
20616
16966
199381
19844
262561
39835
63013
24437
32882
133439
20946
36171
262769
34060
49743
13994
28165
50771
43714
8331
9482
12690
30827
58940
21215
29687
25358
24709
50503
17676
12334
58392
34752
7631
21107
132901
15668
28142
47702
8262
42755
9085
23700
41175
6623
43911
263432
9957
23498
30217
32162
8607
12332
28204
36917
16086
42473
20225
133229
8422
3238
51408
42245
133694
41508
6866
39560
28247
39944
43762
42766
43623
32915
12502
133339
40383
31115
56628
49866
21282
15964
132070
28545
12453
50265
197637
19104
52960
54301
20057
198517
28653
44050
132454
53292
52995
41305
42927
198081
32976
28858
35239
52064
35908
51939
262417
35329
34748
12112
132653
199624
6580
16582
262687
37018
3912
263625
27895
24867
44257
22576
5480
26794
6828
30517
39591
48642
15011
21195
11427
57516
132106
36866
25019
60294
38616
8342
29550
34223
21131
56761
199599
51005
14709
27978
44964
41867
25282
29071
28849
30183
31038
14669
9919
36622
2116
47773
4741
198385
52099
21229
5603
3479
25372
62955
20847
6400
6922
5738
49352
54540
33097
41435
29386
28343
49963
38917
4678
4459
20931
24186
35228
44375
19551
17916
5429
7046
10098
12324
17228
26677
43265
10929
18042
32703
5468
42753
1653
6697
13293
55526
31501
195
7468
393545
19117
26367
51172
38835
30436
61776
47271
9318
48327
197002
199361
50581
37336
18233
724
47184
36874
55314
199976
5564
13066
36377
20077
263164
57427
57534
17747
24724
24201
48309
60203
29252
51186
40498
13607
56394
29119
9042
766
2828
53184
20959
15994
48716
31042
57136
44507
5056
4796
8839
30036
49821
21305
4862
12406
7925
27947
36295
2110
7660
25466
50088
557
3644
26094
12294
26549
38500
48229
55649
52643
132074
3786
43764
6799
28022
60587
21599
31167
61171
61949
6619
9341
14059
28168
35985
7543
199974
34146
14363
49962
262462
25660
131755
50027
50628
51346
29107
8896
34867
60948
40375
58514
27992
44395
24592
56707
13345
56704
29014
57045
41476
14552
22898
12129
14007
42947
42695
27065
32808
59249
9842
20861
50562
35788
31993
6332
47535
197078
262468
42973
262254
13480
41596
47869
35641
1767
8675
11432
16567
18990
42277
131772
12769
16905
15598
17379
55685
58310
29062
12284
10279
48570
12540
7016
45820
8636
2648
53698
27781
33842
4997
7296
20928
13046
29182
8391
262740
56286
12831
57501
17885
45194
12133
39197
12593
262684
43109
11550
56523
13370
6848
262955
132080
33871
9680
9026
7598
262676
8851
35511
31172
19082
34385
41082
48533
43046
2698
45413
28906
35332
38527
25467
32787
5033
16160
35815
34232
51619
29632
6405
31736
55548
23391
7849
37451
21246
10764
17197
17922
12739
39837
196948
28910
39668
47777
3249
1930
60341
16206
27005
20569
49458
196763
8148
56149
6660
51178
16347
29761
58682
22431
6223
31494
270
4773
29134
49204
32592
18632
23106
25883
21243
31662
131207
44647
61190
60447
263264
61059
10099
1998
20497
8365
28166
12143
44141
23465
262526
262492
16626
35843
8905
198279
17534
21491
44775
8586
1126
47176
3320
47531
8273
35047
41967
42742
197284
30130
6730
17536
5631
31353
12542
8455
26615
38639
38930
3303
46354
262589
34762
28255
53597
8596
24748
45035
13592
31275
50387
262725
30496
59469
12555
56186
8847
46588
28212
15930
57873
22911
6870
33874
25233
29473
19812
11666
3225
43882
22667
6853
59554
16016
51034
23666
9911
16112
22566
22773
7091
2839
20730
22742
25251
13249
28926
36961
33361
49064
8774
24607
39702
48417
48052
8304
38148
55824
42490
16080
17400
6528
39392
25496
55183
41302
8437
13193
33082
28299
48635
27287
37084
327733
54756
262202
9607
56447
36563
36928
38773
15766
26375
51543
34560
56106
31543
45680
47656
3593
1818
2683
19809
12258
41268
3707
29657
44700
3302
24218
33668
42504
33489
36030
39386
2711
61010
198036
43586
31845
15366
52073
54600
22568
2107
33077
42227
40579
197071
132899
48614
17232
12709
15516
16524
15706
21056
34241
59562
12064
40473
17072
50292
9230
2715
16960
50434
9304
33548
48092
61945
53059
4641
9614
22384
12025
18103
26724
5607
51497
20
263001
13591
29979
40237
9443
51406
30746
2018
17149
35719
29670
45510
13825
38203
42613
7657
22747
33569
31549
18885
60009
29844
9541
15960
197343
25932
42637
10961
57153
6912
26076
52678
31376
57918
39293
7014
33588
24210
6714
20013
21341
4775
26608
11017
48148
37063
201540
6849
10396
21574
11290
38778
48708
24997
4833
197520
40285
23127
20090
48347
201924
48612
7562
132197
32448
48243
58002
36678
8879
11524
12130
35260
21461
28876
17814
55850
5
3361
262505
54945
27817
55130
197764
33438
26166
15206
28640
17222
132969
47236
47447
71
41659
39134
2065
39184
44600
48569
16410
10352
12301
35548
30972
7795
48112
198080
196914
27759
20516
42109
43541
197495
5050
53018
19008
11650
12179
24634
8249
61398
3776
199720
13438
28843
33667
55427
42090
29285
29485
61848
21501
197588
8057
5616
48275
33525
32934
38235
10756
23248
31479
57753
34645
62282
16852
50765
262253
3132
15149
54240
196881
15694
30961
16445
30764
131706
41336
62300
39288
36991
33517
35144
44739
41230
133741
12150
50625
12033
48204
30097
11960
62874
9584
17685
60409
16262
1221
40913
16713
48288
48957
12788
54527
25106
7522
31027
7643
35033
52376
12722
36965
16904
25473
23114
48438
44217
25973
42655
59905
61031
197116
6128
4597
30833
11722
19331
46849
263494
36944
46636
39318
24785
47537
50187
55383
200155
15830
45430
50561
4270
52465
23304
28329
393708
55738
35645
26882
10625
16557
133216
9999
262474
41152
4816
10094
48115
18000
28377
20911
50477
42310
4851
11668
9374
56079
52739
262696
47335
16503
44764
12835
262560
51875
7843
18127
37184
1645
58803
262699
12618
58396
31725
15721
30902
3169
21103
9875
24315
29396
55915
262659
22581
53112
393238
27768
51110
22002
6509
9167
21719
46725
32354
38964
52403
61666
15348
6059
52979
33490
25543
41288
47742
15763
393742
14263
50620
6880
196938
50315
16842
51088
8997
198934
3245
5391
62668
3816
16610
6734
38771
51363
25490
39543
6807
59497
49902
55766
54924
8194
11691
53817
18037
31246
14828
10457
28130
8100
262721
33891
31263
42186
28890
41034
39375
56511
39781
24077
12599
52988
10022
4150
18283
47989
15454
6391
25847
12145
36947
62423
46860
1970
31692
28683
55772
7546
35328
22548
11492
41496
31200
37209
10302
18451
9039
16175
30986
39432
34555
26523
29061
4811
4040
31239
54328
4307
9119
45328
17864
8401
37678
1616
5513
35994
46699
12479
9354
6700
28202
6079
4004
132434
17113
28663
45588
40805
198229
14418
53348
8893
10834
43070
60171
28870
20163
9549
198602
28797
577
52925
55561
7162
43620
9500
16399
28801
35699
57128
17670
3372
24516
4544
6702
12321
23541
34995
13118
12754
35592
197742
19969
198840
20002
6461
24637
276
39168
7272
262458
35526
31510
132497
38209
27400
25150
23884
41877
22724
6662
7602
5650
21057
4136
20544
559
16397
197731
13555
12271
30122
19754
39418
20255
39440
44030
41904
14371
45763
48268
43097
51910
51944
33701
54182
51310
23486
38031
5639
50128
38768
3663
27932
46491
8685
30855
52559
18779
13065
24319
12637
51230
701
42754
4436
8015
39040
19170
24680
21531
27506
36997
51646
21528
9848
17012
39964
198477
15757
39153
46231
5568
22284
24399
9505
12315
262822
41943
22186
7029
29457
28024
13787
25184
53143
45170
31783
14271
43892
12968
37153
13002
31204
15589
18059
22364
197556
43320
33561
17826
49588
8881
15943
31195
52924
13247
40065
4319
7481
16322
8002
35333
3651
25139
15502
28769
16531
8400
196742
53202
8317
41589
51904
47105
56681
43366
196925
52370
34573
29712
42739
22759
29012
34912
60139
43391
33481
11653
19422
33182
25769
20969
61029
12946
13819
17675
15544
46786
16333
16083
9268
8664
15945
48278
46929
51074
12124
48223
15433
51440
35706
4685
34594
5396
37672
27240
263646
13259
262900
18895
262750
14755
4314
10013
47020
52308
21280
18200
39642
34781
17696
33796
45204
262706
37628
43310
58717
4613
44574
25035
43130
8501
39074
26210
133372
32328
45599
37309
41360
14259
17310
31577
10933
198040
33154
33907
23576
200187
58672
52065
197068
3262
37276
56926
25446
37457
15189
20519
47684
28268
62943
6954
40028
199393
133499
27345
15682
24641
18705
34168
18015
2874
53610
1299
9506
26284
46595
48326
43148
37223
31283
16256
6855
57608
38896
19586
19052
263500
8241
59682
20355
54519
42910
13789
6022
54815
18260
25086
19902
40788
8309
49925
14702
33363
17895
51577
262996
4600
50084
16637
197602
51555
30922
10674
26339
59318
60695
393266
29303
39906
18745
10015
58085
24245
44611
2118
41828
31932
13005
34263
52730
262766
23657
24602
26838
12997
7276
9127
20376
11074
7690
25636
34786
50710
29684
39179
60717
52706
7298
26068
9125
20676
39216
196695
39470
55761
12895
54607
35598
21263
31400
37963
29278
1705
1103
38611
35686
21287
12978
10029
42532
4927
21565
52871
19214
8798
22958
49502
263073
12969
28103
8245
30709
18149
61382
20657
32212
58941
20661
197790
38505
62969
15250
53989
12880
8246
262717
24298
62387
28284
35091
27653
57973
13180
11317
132165
209
11096
52286
1140
58439
226
16253
12387
7752
6222
133295
44514
56595
50300
3308
24390
22150
17766
25071
36326
1696
24576
19752
17941
61480
9737
33823
393428
197207
15177
16832
18474
199020
262429
8680
49413
14901
50763
1842
34450
8338
53050
10049
29125
43538
262206
264362
10326
31083
63152
31221
132615
4996
17378
62588
29069
30282
10026
327693
198539
13132
16540
20631
14537
39310
24183
9845
37011
40457
15600
46749
39775
50168
197765
28153
50928
28264
3900
27425
262999
36932
37090
48106
46609
35213
196691
6774
24750
7151
43150
20581
34391
262378
47478
2707
42564
262310
174
262355
131165
8534
15311
50056
8374
44020
26501
37273
43948
28000
39791
9655
29442
12767
9038
11051
8137
47562
29468
34273
34245
55644
53225
16450
40224
8364
57888
13790
8804
5664
62007
18404
376
43418
38091
12399
12850
2594
51947
58629
13871
29713
13133
6735
13682
23148
26935
20895
21379
54098
15557
14299
16066
39637
34772
198610
262186
9902
133498
31732
15929
42832
60456
41165
53182
35891
17306
198295
59442
30999
25291
57882
262781
7332
42583
10102
59587
12097
24093
196936
8440
13156
56048
27841
15026
18618
22110
197248
47451
549
8943
31566
57627
53163
46053
41148
7682
45572
8660
48209
41190
53907
45230
29432
54929
14742
35168
33920
48464
20388
6536
12586
264439
7604
13331
49931
8412
24138
11817
28548
45302
62081
46691
28137
23816
668
26949
197617
4262
48487
9901
44160
25122
34123
21523
39151
13127
24832
28198
28712
3477
28719
20504
33073
14866
39505
22661
132649
6203
8468
5467
31554
42484
42456
32634
132787
5704
32
11713
17368
20257
48289
21976
20590
199715
43103
26827
22351
11745
37187
11798
43939
10271
59460
35362
61276
15743
24579
46195
21992
9002
28036
29709
13768
52901
52640
20825
35612
43646
30211
42403
5769
260
51273
49079
30126
14288
9299
21804
8330
5690
8865
18004
50597
62446
52872
262743
9930
60771
2706
17939
35717
31863
17139
18616
31364
24651
4761
5385
8778
1277
21040
262301
53162
1555
55636
47862
59519
8001
29003
18183
8726
22799
41789
39555
42596
8457
58474
197298
15090
62523
50188
58689
132335
25500
51468
13157
27026
44196
15054
56403
7992
39704
16019
14989
5580
201861
57218
4617
35701
61955
5645
24295
15659
44924
9150
29449
49029
17506
8954
3855
10204
3714
5427
194
41134
39861
21100
7459
6830
6498
10160
44735
16943
38071
25468
12322
6724
27373
2588
31595
59370
23661
57554
25248
60725
19496
33210
43139
28122
27665
22894
16154
22361
32959
23947
16010
18487
9730
262891
3741
24342
57388
31203
43314
1237
49810
20357
16054
24220
54648
62471
29465
14230
30072
25320
34092
22562
34554
33189
4230
30988
57707
37053
2519
8674
35662
27765
28642
31424
17828
35795
4750
196844
28400
2554
11966
28625
32650
53158
47117
22969
24872
31126
50118
14907
812
6254
26152
16739
21559
50821
57795
33224
55794
27715
47724
7181
24534
26613
21730
11530
31519
6713
8918
57172
197999
25084
21472
17226
16265
32505
24538
8717
36024
24309
43973
199422
48408
41560
29075
9876
197133
32181
131586
32105
18530
16604
25369
15419
37254
4645
12564
49893
23678
50507
133064
50009
58691
199103
53078
14864
27822
37468
9116
11799
24212
20533
28186
45014
10770
33892
51483
48519
17820
24589
41722
41571
53258
47692
44387
4267
20207
33148
18757
4266
19257
55095
22402
6778
52280
49414
52116
7479
51154
41966
15782
11562
53185
49609
1213
16835
10145
35953
39572
25689
50266
50448
9398
14558
3549
2637
28306
15805
61121
16863
306
200041
197145
51587
12189
41931
6224
199081
17001
51813
8345
47253
52332
18403
24528
61130
53169
6863
28598
9650
45029
21412
28360
22957
24783
52981
11854
23126
58552
13253
23575
43284
21803
30851
3685
23956
42510
51167
20836
22927
48919
43542
5435
1680
9534
21840
51958
8897
34547
32491
13037
12829
27181
8280
17884
133507
29382
262761
35531
22781
29453
47439
20731
9316
17888
262242
12597
25293
53179
11847
41749
5723
7212
11164
197377
3681
18943
262566
16866
5071
36416
39760
21513
132040
41495
34120
22925
25409
262488
11855
52950
54198
25408
6659
27757
39199
6846
21947
42574
61657
29286
31033
198354
4805
196638
20917
29190
34953
26739
27445
28287
43110
24195
27325
2899
59605
6367
62947
37463
2044
35154
16353
16814
22637
42979
5576
7540
47377
52041
7575
17338
263626
16178
5410
600
58486
31588
8982
37483
7819
13110
48362
14745
45019
29691
43172
52935
13999
12601
31452
197960
12670
5394
25098
198826
15614
45671
31100
38710
48424
45300
56466
8492
10771
25394
4670
38022
7578
31877
15399
721
41313
13088
9351
37284
262444
34304
30688
16210
15669
60899
29530
41750
24776
28676
43152
54700
11272
19174
28657
38001
7668
393430
20530
3209
28368
52470
13739
3223
19570
30028
41390
21497
56799
13693
49677
58452
31649
28717
20842
17439
5107
199127
31244
47394
263656
12657
16657
46664
13868
5433
23699
11170
42880
35025
16316
23404
44412
8551
22652
34814
14651
12773
29208
56627
30700
11976
58945
5537
29006
28497
46392
197155
16971
56257
8708
15958
42396
19406
24523
302
24626
133084
29789
12260
20722
34892
13032
23243
25478
49685
38712
262482
42425
41824
48057
39011
3491
7270
8570
4007
17425
13069
42291
9519
855
12333
56975
50655
57420
31416
29492
4565
14993
31641
29748
22691
27814
13657
30539
22119
19255
2764
56046
33930
6122
7314
10135
12470
4844
34714
56689
33604
23815
25904
18710
39529
2852
55395
52941
41161
24863
40220
17660
9067
59701
25983
27696
5413
40430
53581
262237
14477
31250
131583
43561
262832
29870
264472
40528
263011
26803
6568
13041
53053
24435
36498
10242
6539
3291
56038
29699
4208
6559
51430
14744
25607
60471
14361
27446
50683
4265
42852
29007
17229
20460
29053
14051
8711
12180
24864
22884
51528
46989
30653
42905
3221
21064
9908
41965
9303
39647
7430
6062
32451
34676
28136
15895
20080
32145
57763
35614
8390
31581
55658
5668
36025
262502
18187
17465
30359
35409
8530
20653
132047
21156
47995
53152
28258
9050
14824
15974
16094
271
33422
58914
10113
20208
18671
26609
23879
16076
16798
55536
30950
60299
4609
11766
14793
46454
9193
34610
39180
58599
3212
58291
12329
26223
36253
31608
51426
9892
52858
30745
34288
25512
19582
35810
45903
43670
43940
603
38176
1569
12926
29091
30247
25148
61655
62814
38289
28300
200020
42430
262273
33536
6694
11240
42
3312
41937
34695
51399
51054
2572
196832
55002
2688
34430
16948
11588
43782
52824
9158
19229
42918
15725
55713
25061
9924
60252
35549
200107
60191
38202
41802
24535
4721
32421
47463
263596
20810
50392
9738
34325
8895
6167
42104
15029
9036
19373
53181
20141
24945
55821
7502
132145
45595
20001
21294
33122
20799
6663
12491
50952
49598
34848
31893
12676
12350
2607
40300
47635
37357
7533
43727
47205
9293
1936
43112
25577
49223
31507
61763
41023
49102
20860
59984
31229
10201
25513
5434
1241
263099
262972
1913
21483
27137
8649
28668
56430
32867
7385
24739
15857
2856
7341
21686
19180
40475
1267
26496
29076
21973
43205
262282
12507
32385
14832
20634
45280
55355
48452
263443
44327
34019
7470
42514
2907
37930
21782
37358
46764
50113
11915
24889
21378
49183
15734
55199
43157
28210
28310
198785
8426
17917
13791
29737
7991
8571
62754
38809
19151
57290
29314
263531
199330
30712
37255
3218
19237
44391
17559
25761
10367
50993
34315
12178
52859
39737
29697
262907
18209
39156
39401
47104
47961
6347
34909
20081
33915
9583
22640
52604
31769
23089
3742
33470
42675
39574
17812
35191
30881
60384
133781
34225
33491
34289
26317
20485
18479
15886
26292
33924
41457
263072
12849
8258
53131
37928
37996
39356
19233
41345
25746
29194
56402
56737
22241
2538
45010
3327
17459
44124
35223
55690
45305
15605
20401
263070
13208
58303
12989
43802
41925
9063
13415
12154
57043
12519
19578
26878
35189
6487
26084
50304
22147
20952
57662
12042
12843
53195
7393
24129
48728
198415
8764
12510
58464
44494
262403
18592
17958
11430
15439
21189
21864
33965
23838
39205
2860
262374
39923
35491
6453
46193
49507
50362
20746
25498
39257
14380
29535
14638
56702
6983
11951
28907
132045
9186
35371
40068
197253
15962
24167
15377
21527
8339
2848
25653
42335
37057
38731
14086
28132
9328
14244
50384
53047
5524
199545
22177
7004
32413
39636
25347
197043
24961
48757
1
24940
34
13000
27216
197099
28667
38525
32554
28649
38040
8311
26110
43045
7106
34190
200094
42571
11994
819
49889
11696
8612
20015
17266
26548
50554
19019
23342
25146
4704
35152
1835
35567
16417
61889
31214
7057
19893
27881
45543
19181
34875
52696
21362
18001
1294
13289
50337
41552
47358
25459
32773
14605
11486
37179
199129
43555
38987
35007
42352
36666
5381
33302
52482
27229
9021
198545
43720
18351
1421
26744
132602
23002
44237
2529
45451
17099
45253
15808
22070
25299
132132
6360
10158
9340
36841
19842
51653
9797
7911
57704
6966
36383
10474
14717
262806
39405
48076
9264
4804
34201
50130
263631
29674
2861
12912
45425
12730
41900
30619
49461
12705
42667
2685
42765
262192
60144
34797
262760
43826
14543
27805
28751
26886
51490
42560
37076
28784
41431
25795
3325
11686
199484
36466
48822
36912
8487
29074
48882
19318
38154
53076
52768
43712
48781
47902
39193
29695
20751
2857
43334
9370
3216
7303
16696
30475
29422
198048
200000
48842
50677
23934
45470
46208
5577
23951
11837
42432
14430
34362
6300
262720
21351
29047
41887
59444
53439
133444
3602
29050
60632
16300
58782
7717
48293
46627
24047
31359
13614
36374
49550
28005
57422
58725
7718
8890
41920
31576
24
23862
42132
41364
50856
15965
262594
30372
28881
15320
57944
39685
32097
6334
21021
50468
12545
60775
61223
8560
45274
20771
13003
21261
3330
42708
15879
26
47249
52547
18678
52294
54154
6594
16296
32748
17806
39295
61200
42699
37105
11260
57087
8866
23988
6786
47570
52720
30783
132579
17356
7753
22873
8008
48043
13706
17443
60801
197064
8779
38961
22132
43376
48483
41572
7477
5617
199728
3676
32028
54020
131349
42632
57948
32626
11045
15497
5488
199585
7545
12578
14773
3267
50261
42163
28220
14905
42478
56042
36493
36916
3662
11340
25249
36907
50606
11708
46276
10032
16095
3397
41883
48453
52468
30975
48067
35512
10932
28685
52075
10101
24631
30124
15493
18302
7597
53087
58381
41897
56484
9009
30059
35274
30263
21392
8508
10219
12592
30264
9526
48004
21547
7311
11019
61211
31148
8522
8282
45132
62136
23991
34323
34309
14567
30962
156
8301
13122
4760
61349
6758
23944
34572
47951
18531
42965
48815
15696
17727
4628
56910
51541
8477
11711
5778
45769
12418
43031
6337
12715
10578
28802
28703
52777
23076
21213
5730
41871
34549
20849
60388
49367
7539
31444
47456
25668
59595
56246
13335
13169
1408
21104
45166
33597
2072
262405
25192
6614
28133
3194
55309
59337
16283
21174
1785
6904
7617
28146
1723
49342
13367
28155
52153
6738
28241
53138
26689
17225
9241
11232
12924
5503
199631
52080
12327
30666
54034
9723
262798
31430
49349
44267
50171
15835
12302
49101
55740
35819
49103
53191
35032
48354
33247
6699
41791
199508
6939
28938
15471
12963
57261
21310
52375
39939
47395
12310
18390
10796
7693
39493
15570
28158
30176
59772
34604
13478
23473
35067
29226
62314
23201
13340
48173
28624
49749
3925
10692
24682
29576
60169
28125
24121
26091
24995
39816
49957
39869
62421
35401
7342
4258
34525
36625
56514
4261
38165
51754
28502
11714
23072
31846
5539
41913
42395
6458
15919
31391
45528
6197
41426
12808
19830
29000
37238
21949
17057
24916
21365
8149
23923
13147
34104
27745
12644
197453
15547
263311
8723
40015
8990
29405
34858
19169
28141
33544
10910
27204
39289
1273
56949
49544
8511
11992
50968
31251
47196
49505
17253
21502
50360
5547
37545
39526
53828
9166
37521
6805
2152
21312
4713
42555
42549
39785
12346
17402
53927
7961
30844
9831
46687
8591
20161
49508
16285
33164
21808
41689
33098
22772
57858
50920
21385
25556
6775
37233
27334
14103
15180
1435
35018
3268
53497
10912
37353
58206
25956
23642
38307
32152
34747
12182
42896
197017
47141
52228
196753
20621
53211
29644
27139
8648
46446
4818
23205
45309
26328
55828
34934
196797
37183
40317
20354
50316
56385
198225
6325
20483
7788
19332
26479
57214
54276
8419
8319
8681
28750
52721
56252
36012
20500
19918
4466
14085
9229
8825
13036
17762
12971
19988
30793
35631
20704
3745
50020
10774
14910
15982
51810
11815
39122
14615
57807
61034
8190
46601
29354
9700
51474
48910
26230
24582
14265
10010
17924
13124
13115
39138
4181
10421
48674
20521
19316
13055
10103
10970
10429
58224
8871
21879
51815
44890
201776
33660
22730
20783
31138
55865
49774
12036
5425
33652
43711
23550
35899
33970
10217
55953
44654
8629
41024
7850
22302
49074
20919
41176
8950
38924
57872
41606
57187
3754
7600
11556
5800
35768
44889
3943
29760
24198
42781
50767
55140
43975
21321
45348
11233
8300
31216
3527
25649
39792
26198
60168
31261
29404
31605
46508
17961
30686
34660
10881
40260
15954
38888
48538
8580
35238
49125
36351
42800
8251
262773
262215
22346
53264
17841
12732
24778
9044
48427
25003
18566
48089
56857
52668
35206
57470
29527
47796
35320
44733
56030
16205
201985
28917
21508
11776
16851
42773
7268
42081
17887
52457
46719
201826
39299
39020
54578
47694
28126
60039
7529
2721
1101
23563
132876
43192
133062
8047
19800
23673
2162
20299
5583
1741
11288
32314
18229
39211
263594
52360
25540
11398
25220
48559
18282
24962
6876
4776
54308
12140
30689
263616
48641
15772
11996
4739
13951
60703
29791
50857
5387
2671
16916
42084
21333
31658
47096
56350
20850
27720
21709
262756
49981
21214
38248
51288
6834
37182
43106
21396
9387
28260
5523
27064
21132
35374
34358
29384
15108
18840
39900
13188
24572
33321
6981
34456
26452
41898
16338
29491
29620
24247
28762
24514
54596
48940
45147
35017
11727
262248
50446
10475
62088
36408
16130
39669
45735
53025
197726
17721
132490
28438
18106
29305
47949
10223
6903
52752
43067
36732
263019
27193
60187
6921
31965
40948
6598
43814
44902
37662
27498
4787
26505
37347
29596
34704
7257
20459
132692
9325
39569
27724
9821
21446
20655
28338
8968
3842
58668
42040
23779
15305
46632
8661
38561
26422
38456
59441
15612
7922
35177
43268
33651
13807
173
61417
262807
3462
15802
197580
51788
29544
48296
131303
22909
34251
60764
13354
56264
29732
43226
132442
7735
42841
34270
13618
58436
6762
8741
59268
29551
13773
47586
6517
16795
13644
35313
48172
20632
8545
20852
43583
60241
34372
131178
54972
50670
39611
197744
38621
27810
6736
47645
52323
9182
10708
20091
23752
8781
24541
22750
16097
7679
15765
1239
39605
198720
12482
6503
7828
19383
25920
44715
58321
55803
44053
3836
262949
12685
197750
48479
12570
26914
18485
20552
45758
39651
45458
13075
197204
12975
6723
37119
12348
31370
29471
51155
11816
43967
28303
7821
17882
62178
52758
263004
56844
11647
21724
25144
42787
43179
14904
6703
262638
24482
17359
44686
47293
12651
29838
16128
262476
58587
3421
196890
15202
9315
37027
22646
28266
48339
43142
25745
37376
30733
31477
29648
17361
7636
8565
33616
30998
11456
13238
19555
45552
41704
4557
30892
38623
15774
38146
51395
21367
51190
39347
15412
32609
34224
263422
45177
11255
39480
38288
20598
2518
34968
50173
39676
14589
15164
34770
32869
197636
4795
48951
40395
2200
3344
11168
55352
25933
8201
30848
12581
37271
41599
34305
28968
34844
132641
21922
7616
6824
31776
42049
8226
28279
52850
20738
1249
18647
21453
11919
20694
43925
12695
26860
3265
21627
24586
57723
9498
32952
45845
12044
4673
24730
33788
12556
61146
20283
30936
38322
30336
32743
263259
26554
23962
13045
23881
34254
5715
196865
9226
199569
14979
43203
31225
13826
19803
12305
22356
11879
2379
25899
10036
6181
47623
43405
21151
34244
23750
42459
47381
21226
41822
12357
37219
39904
9625
17469
61813
57879
40414
48738
38922
48880
15474
27066
262517
9066
19853
18886
803
47698
12008
7361
30340
51290
14909
54489
45699
40702
12481
12455
25386
38477
48803
132651
262808
40715
30960
10238
50156
9601
39783
57982
199578
60212
14472
21413
9260
62825
28972
25534
393220
60137
49800
53332
28747
12530
263030
31252
33576
4694
132225
17447
25529
18978
6130
9618
20448
8075
51343
22663
25549
53066
24173
17426
39545
11426
11643
9103
4853
17639
39032
51964
30985
54668
12121
198297
9336
262354
6769
5408
21332
15924
39506
21299
12779
197451
58173
25482
7018
49689
6886
53480
12083
17746
132228
37395
38264
20853
35638
43852
24228
43962
55532
57543
39743
393225
18540
4813
51547
12741
262697
11468
48239
42480
262150
3128
53435
15024
21277
36436
197035
23308
23966
40784
28509
11359
13091
12714
27537
14877
27908
20985
4618
11924
51903
37035
2847
30696
714
10464
16880
49360
11403
18638
53055
15368
292
7670
35087
30943
61170
263649
4725
262962
25694
7506
6789
8343
16038
44668
49185
7455
58666
15290
55236
32698
5552
12976
25229
17971
9153
20811
12956
44056
16152
680
38932
21230
11942
262353
6419
10021
57227
52873
12653
47544
14860
29636
8585
25163
49641
25273
46404
197578
45899
8601
9204
51665
16609
14080
8546
49301
49373
8410
197804
28580
2914
58443
45157
25308
41765
29607
262695
16735
17754
35297
35805
44381
56534
48212
33606
12847
25447
20804
3605
12188
16371
22197
7511
48361
15851
40151
16020
34177
50629
15756
18366
206
11845
35254
59876
9729
17621
6140
27970
57256
13329
553
37037
11970
11853
37075
12817
36885
11806
47637
24028
20940
28007
40191
55663
21309
45786
2042
4434
25887
56582
11271
27876
5390
196655
15085
61924
34803
49488
52747
47123
39821
5713
57285
197530
43751
26215
31708
54412
16467
9885
4608
197922
13760
43612
55350
52588
2897
14237
45762
11351
12683
13332
52048
24532
22822
7438
56203
262664
28994
59322
2906
262599
3239
24133
38199
28978
57864
7381
41743
11259
13977
43647
57085
28352
16887
57588
393451
31208
52709
43197
53153
24811
12552
43557
1836
32855
24536
26134
55264
23005
7015
35838
47223
196878
38340
34619
50331
11123
51606
47438
3597
6303
42610
37978
12006
262463
58256
28886
27717
31797
9416
12580
19711
15699
28707
263579
3243
48000
33362
4323
48056
197046
42303
197169
21480
49785
61929
262789
29213
14840
45650
55
49620
24246
237
35568
58067
40393
41881
20324
48854
15221
5538
9146
7349
20900
28576
26895
27951
53061
23953
15525
44963
6672
31857
13536
6648
1880
781
23855
5104
198569
14133
1789
36049
33771
32885
6677
12735
44143
29863
53904
23520
21473
21628
38195
9110
28189
42235
44941
15169
38826
34378
22561
34984
8903
198224
42525
43576
42819
24699
6163
38220
61337
26484
39817
29571
34974
7475
29608
31286
201942
39832
35132
25521
11013
23674
6505
53242
53071
60304
52262
43146
8615
3755
32524
20942
25648
41998
198816
48500
58610
15517
4358
14551
28859
197212
37613
16395
17547
15475
35937
16559
15626
52142
8953
132837
39444
32742
33494
4589
28285
21233
6679
6479
38742
11404
12716
196864
42337
35714
10143
18101
30526
21274
36925
4913
51407
13909
17444
21688
7713
196807
12297
17686
24753
45250
27887
6263
13333
54841
53145
15658
38496
13194
41421
49605
50241
11342
13121
45854
53488
13324
23935
1887
58678
15997
44383
7132
54676
23487
24550
263314
14747
7568
15042
16117
41095
34977
17707
49964
17511
37529
16629
39603
31034
32955
70
13363
41958
19384
11081
14369
36215
29081
10288
41554
13030
57524
9129
18839
19366
42957
51957
27258
48108
42546
198252
49120
37213
45513
17224
21250
53118
33554
14743
57731
25180
2586
54705
28605
41692
3737
57681
43267
53075
9931
30029
43666
32035
60859
5518
197264
7908
11758
31475
24703
39133
52302
19021
52213
17143
57474
6428
62206
32205
24593
31319
17619
133255
19338
10084
56260
16811
17645
21286
36683
29467
28250
45816
5377
8554
17787
12200
45298
26788
8443
61231
35518
41678
30990
5714
5089
5719
263003
38149
39701
57120
41929
25145
25441
60917
5431
12842
28305
44444
20902
13092
11830
13767
57119
55351
45437
35179
28145
27969
8999
53199
17227
2510
25133
6221
49608
38193
132581
43022
30782
45289
44285
14325
286
11706
24971
10594
12000
6459
19009
47598
48858
54048
44972
8816
13009
25767
9609
29056
45411
199995
23081
6407
30880
44185
16170
197300
6881
36696
15936
49572
262765
31323
15695
41562
61078
34602
36881
14282
46435
42926
61056
11114
25472
55330
21817
31720
22411
51373
18201
10002
57843
14041
28173
7469
33287
29287
13056
11343
2386
36626
11750
44265
23709
21755
29562
55707
20495
44943
56503
28224
38333
22571
9205
14413
16949
59547
49063
10550
34209
5693
262388
51003
26972
45352
26801
33748
46015
40111
12314
21142
131322
28330
38506
3215
43404
45158
8025
42477
27747
18683
28245
59689
48539
3758
262633
57800
41540
34145
47148
19875
44953
53180
31500
50258
16303
58152
3316
13236
16179
35584
34688
1733
34144
198961
41847
210
29518
42031
13178
19806
32098
30524
30119
48948
51405
57207
16471
16876
8744
7629
36786
51762
34277
15468
47602
35601
196678
1742
1853
26209
14291
51007
39728
2722
199364
197640
44896
52320
45729
29017
41164
39242
8445
26652
14754
39839
61971
57049
41453
21266
47713
36031
24490
48166
48371
42160
12087
132839
19528
42014
24672
50035
47748
45991
28840
32623
56665
23871
3213
8240
198781
24958
262686
21219
29886
56233
59702
133170
12541
4193
32625
44078
42318
35524
47522
62917
30132
13490
5430
37100
12625
558
27893
58055
263064
9503
17625
35369
12021
26426
13106
25376
4771
52596
36623
262342
262737
15594
38082
41600
44033
52579
52389
11664
32613
17223
4515
28669
2820
39121
25885
53340
60018
48485
34171
6620
17726
6905
13878
18399
24829
262600
10282
8291
15640
19479
39120
9211
25557
42148
2818
9627
61400
33132
32760
38511
62889
27879
4675
53690
198378
60685
48096
12380
9286
6913
7963
24421
262819
15421
25255
47696
12617
36352
12693
17897
32286
29534
24810
41151
35178
262689
199105
6682
5555
7098
9137
262503
15735
15703
47569
197184
36959
5466
25505
42000
5742
13101
43769
55441
28346
196705
5760
25993
9308
36843
11280
15798
17809
25424
25700
197524
25582
32270
1251
3356
26512
8416
54720
16171
29199
20629
62833
35432
197826
47329
5459
58463
55836
45179
62734
9733
20904
25528
10947
29154
48161
62929
48695
58430
57324
7055
197501
262394
18812
35566
10886
3255
34248
49025
57129
14147
15401
702
745
12089
9365
45725
263436
262793
55581
48176
198288
24611
36986
23383
1945
37497
18185
45013
18046
28878
13246
61996
12713
29209
52974
58247
47151
8261
199518
11025
55665
38097
8925
12386
8870
28812
47883
15318
262788
53037
262748
263546
11901
57394
18786
52771
60118
24720
19554
23641
45629
6661
51884
262377
19515
30742
11563
44302
52590
16150
4528
28513
29930
37571
12496
12905
40328
27553
21127
2609
30925
197091
21211
59239
52404
18450
51431
41401
36992
198435
9942
12400
11979
22408
263075
42575
23688
3081
11663
5006
56088
393223
7527
19429
42568
8265
28124
198935
6777
58621
2495
3371
14929
12430
50882
25454
11014
20910
20873
24445
11904
760
8926
25143
45455
48467
24560
47506
38858
43843
6210
37906
11522
15732
19881
41281
28328
6327
36887
30920
38544
8153
27589
34513
62047
9871
6261
132405
2854
45495
9891
8608
28207
48129
31277
9749
34102
13414
9198
43998
31036
50010
44436
43443
23913
20115
20640
20875
15133
31122
262854
8676
35847
39912
30663
24955
3561
21353
24638
25511
43171
50591
55329
40762
23422
3807
13765
53175
34110
29037
24151
18488
46887
21981
30767
39010
133448
21017
262669
20647
35467
19158
3301
31382
44914
35457
34444
4621
9051
39271
6879
31294
31017
101
38949
36937
25584
133001
31334
38861
39039
9208
47264
17233
16302
31495
12986
6772
17668
196983
8972
12312
52965
12392
28885
23893
43073
19381
30167
197945
61287
60501
9112
10607
8758
12605
39787
44579
59498
17501
37228
39264
9189
61028
13119
29363
34326
2730
33203
57174
44814
8285
1280
15623
10993
35104
198541
15723
21438
12337
45117
35434
4755
27983
2901
57259
48918
198851
14116
31686
263423
1968
6364
52036
41006
6731
47608
4264
63516
15670
52263
43356
15738
60926
6389
1759
9049
1547
31029
20562
28658
55508
59515
10278
8553
52904
2470
46064
11491
46062
26146
28996
24130
34916
34052
61568
7633
9155
36144
26785
43831
31672
43209
14090
25002
23895
31368
21488
197541
53115
14921
32327
62489
22653
31677
43539
5578
29606
47111
9326
27195
53048
44894
58825
26978
50607
131310
8431
52251
11269
20041
38794
51484
23649
16724
50923
43260
33923
9297
11888
26881
26592
8402
47814
8517
196675
17561
50613
46093
7473
80
6423
40511
47193
20712
1215
30778
40076
8387
35725
199860
132918
44522
24466
20018
29124
9621
262865
13776
11058
262218
262609
262903
224
32262
201865
3790
5669
25592
15935
513
19863
36222
25615
262182
56258
7011
30870
262401
16473
132687
45796
262869
30781
56218
131284
40341
9513
62189
29614
47601
393508
12306
10133
11363
12577
18068
36868
30447
46781
24762
38726
62432
41038
132761
20618
8048
198988
41854
10118
48971
36446
51060
32791
1290
43435
36003
2544
43343
33251
36974
56309
10973
33904
19024
45953
13368
45142
12303
22299
58453
45400
81
7465
29030
41639
7832
8718
39232
39824
31484
34997
202203
3770
3043
49231
262587
25081
327775
55805
38880
39167
49528
29414
23889
38757
263585
53205
55410
1790
20570
13703
48683
262617
24936
43559
47887
23708
58307
12041
25818
43957
35
56349
4788
42232
62807
40281
4845
59527
293
15510
25160
45668
52661
16496
14127
18565
47881
33875
38713
53224
50463
8449
8491
47895
24192
8220
17184
9587
6372
137
6910
27597
131778
28118
1248
23679
35000
28283
44838
53080
12316
38026
27884
52374
27582
13237
44575
7754
34723
6147
52532
4768
56477
262549
55720
14868
30868
8970
47541
24522
43289
53174
11172
28187
132730
25531
21437
7496
12252
51551
8218
13385
21050
50466
17492
45037
57023
9381
31304
37204
53209
715
263698
49687
11195
25843
29066
28634
9121
34042
567
5691
13213
23756
56251
62600
22936
23930
31059
46746
50115
17658
35804
41691
42353
48555
24893
8403
8382
22355
15265
31117
50245
263000
8393
33770
41454
132022
4686
29933
28554
32890
45015
35377
19159
41556
3252
2527
3208
12859
15595
52536
17970
57
34700
13445
47764
263536
43024
6908
32477
16073
25234
262906
39551
42346
47218
17015
262318
8447
17915
8529
39308
44468
6856
44919
51960
20766
12941
61045
52762
46309
25967
21548
41733
31371
4765
5602
46841
12872
53767
4854
4766
11368
8966
35059
34359
37475
55391
18371
31953
47480
62028
14985
22205
24890
53246
9031
20406
24846
41340
263018
31463
197535
33650
24122
11348
12184
39309
49023
17183
5384
48823
131702
56356
6768
24236
7474
17494
18881
34655
50891
12772
8641
50569
19740
21479
7806
20755
3352
5610
42005
12338
1120
9122
47872
48575
58511
36412
13692
199420
39948
43668
12343
17659
12668
25525
16617
41168
21571
16190
27168
5416
24691
26114
26451
17014
46502
703
51380
53167
28032
36958
28637
26253
27693
30971
58010
41427
45349
46031
28208
35339
34037
21500
39107
36977
10587
18734
32107
197118
43658
49897
60610
1982
15353
262340
31556
43700
45346
45312
12768
13979
56876
44691
6833
7500
52708
17927
31305
22243
44843
9086
8697
54473
57239
8323
9394
64
56391
20764
16181
42590
16284
14756
21462
54523
42673
56247
19036
52971
19089
34426
42786
28267
23671
53238
10753
63010
37253
3257
28590
2734
56538
22625
29300
7050
4777
43950
4648
797
30910
262199
50989
24095
34470
8519
57084
32425
11457
29944
52892
18739
36471
34139
11507
29988
19108
6667
41820
10397
33480
17557
49070
51069
263057
23686
16084
20029
4445
4800
25074
5504
12066
42877
47147
4
17554
19092
10838
44356
30914
25486
7632
201371
28226
12466
59699
15428
2497
48159
263444
20915
35346
52976
1351
37248
10481
262730
15894
42334
12076
16509
17403
11852
5483
53015
196957
4826
21232
58942
28884
26854
43994
44980
61928
28760
49320
9658
30023
53137
13184
39399
44530
33676
16050
41653
42912
36930
30784
10019
8151
8821
42020
47843
49375
34718
9255
4901
42466
50837
20539
11242
41997
42831
45898
3701
40061
2830
7784
21877
47242
36820
39115
24875
35776
6034
61070
33327
3313
7794
6820
47809
24835
36728
35617
133232
8359
52967
24324
22689
38976
9927
15527
9396
30722
132863
26105
2716
50153
12361
47794
132142
19693
29649
28768
36585
6067
199320
34169
47116
30583
23948
24896
47321
35415
12990
38503
45932
21442
24953
42516
14374
16391
53786
8613
24848
17604
52689
29553
56360
8569
133380
33852
5432
30818
24203
32249
24527
45896
57771
36943
39451
58314
20686
12414
20932
5403
31760
48252
47440
58466
16668
41066
10089
31313
44096
1955
28169
39125
16921
31529
28201
40676
262195
7610
262989
11835
37282
14178
15915
39087
46562
48573
786
44787
11071
24588
52245
8771
52444
7397
9000
41075
17018
3422
39091
42038
35140
30147
52937
22792
39928
198432
45224
779
1659
26282
32034
9269
25999
262778
18730
6821
28239
28825
49109
26769
33680
52956
42044
33934
25504
42548
35393
59507
5605
2647
10024
12390
41798
31272
41157
41710
17048
43733
10417
59516
297
10533
4558
9822
50146
30110
48885
197158
15397
23184
37088
18676
15800
132267
37449
8784
42339
25921
47273
59455
41631
27138
22702
52940
33929
20960
5563
264409
4250
35654
21007
29170
52359
262711
262785
37125
12353
60497
18712
45474
12980
2153
24088
39756
13876
12181
48370
51705
43333
37133
