46261
34006
31321
4637
35742
52851
61844
24923
42306
37619
23655
47502
61372
12998
44826
31546
378
50473
49140
24213
41709
25206
52173
27800
42518
36994
35737
16176
6874
52554
42187
20870
42728
58779
9893
12778
44158
47165
39045
10031
10715
20815
34119
52783
8595
197426
53070
5462
59856
39537
30134
38753
31621
43966
200081
53144
44605
59620
34265
47720
4651
8763
39762
8308
39102
34629
10292
24187
47118
16030
12389
393457
28349
48044
16276
43832
11921
251
57091
39442
50673
38883
8767
11367
38182
63008
263327
39273
62407
8192
29685
39251
28891
62415
27272
15617
6412
44281
58688
3766
47370
37012
45296
54652
3333
34421
38095
26546
45916
33983
38229
16110
39458
1916
132862
34187
5404
262848
45287
27796
12874
53022
55670
34279
63005
51945
6471
16344
15704
3329
43293
41209
12480
43082
8452
52327
263437
37054
8462
34757
41440
58389
21101
55465
49371
25227
9652
262770
21409
28620
5486
36971
15450
56468
52201
9814
10913
35745
25203
58243
26617
9976
53038
35199
48889
59653
12993
262688
59900
262643
60890
58704
12703
31343
198605
18490
262494
44677
37110
55361
43833
24229
31727
61163
59583
34569
9008
51892
57193
15372
60158
133268
58209
38566
2602
34820
60884
12611
41938
34267
55353
5386
16532
28192
131127
34303
51930
49350
263655
39608
28293
18033
39056
34295
9136
10208
8751
52276
8395
8495
17857
8376
8369
9113
39301
40975
43496
2119
27896
44604
63855
196714
32678
58482
9246
48897
35302
50023
16007
52993
55945
38640
49457
17451
29177
16243
17623
33951
34863
132640
29152
131447
197798
18070
37101
51648
48284
3226
51744
9829
197506
6718
48249
24521
6894
34221
8677
198157
28309
44587
1257
198171
37148
35816
24852
53062
8375
2514
29909
18206
35115
41770
49934
8310
12445
29329
31094
197686
20845
262504
43687
30997
42845
24439
24599
34347
21414
49151
29232
45669
48654
262184
13173
59761
33567
197394
23774
5397
9950
48658
27807
58715
27750
59790
6900
23829
7049
49309
44512
196709
719
24479
37028
4658
42210
7552
263038
43531
21191
23637
35004
16164
50810
263143
16058
58933
21495
31742
15645
29686
24238
51048
50618
18400
8692
60496
263434
43338
12642
25509
41307
18391
57494
262814
31611
33765
52982
262988
45960
852
39811
55653
5392
35539
41852
262469
8346
33991
52928
28183
46198
47927
15685
16685
34204
1886
20514
31669
262493
18108
44027
31726
12687
49131
30740
43244
8657
63494
30721
42526
47605
9313
199551
58943
9676
34250
27882
29217
35625
34584
20912
43545
13094
39046
57055
131210
33764
15576
33885
8544
58913
50459
44942
27299
7664
16202
47207
49808
4058
24155
262733
41976
5532
53486
12494
35421
14988
51728
29456
39434
15152
15296
28292
31242
1610
52344
3300
50139
48961
47680
37612
49058
8371
2603
29147
7594
43213
24590
39473
59514
57397
15463
39248
49788
21123
18364
5495
263047
17498
59581
39582
58507
52324
39612
15836
27322
262352
3269
28697
20916
9032
8386
24989
8788
33922
28775
55577
34354
55423
31147
131320
6782
42184
26753
41842
53237
60929
21155
8752
56462
28510
262561
39835
36171
34060
49743
50771
8331
9482
12690
29687
25358
24709
50503
58392
28142
9085
23700
41175
43911
9957
8607
28204
36917
42473
133694
39560
28247
43762
43623
31115
56628
49866
21282
132070
197637
52960
54301
44050
41305
28858
35239
52064
262417
132653
263625
27895
48642
21195
57516
25019
38616
29550
34223
21131
56761
199599
44964
29071
9919
47773
52099
21229
5603
25372
20847
6400
29386
28343
49963
35228
44375
5429
12324
43265
5468
1653
6697
31501
7468
51172
61776
47271
48327
197002
50581
18233
36874
55314
5564
13066
263164
57427
24724
24201
29252
51186
56394
15994
57136
4796
21305
12406
2110
7660
25466
12294
38500
48229
52643
43764
60587
21599
31167
61949
6619
9341
28168
7543
34146
131755
50027
29107
8896
24592
56704
42695
133219
9842
20861
50562
262468
41596
47869
35641
11432
42277
12769
55685
29062
12540
45820
27781
13046
8391
262740
12831
57501
39197
56523
9680
262676
8851
35511
31172
48533
28906
29632
31736
55548
37451
21246
196948
39668
16206
20569
49458
56149
6660
16347
31494
4773
29134
49204
21243
31662
60447
20497
8365
8905
198279
17534
44775
1126
47176
3320
8273
42742
6730
17536
5631
12542
26615
38639
38930
3303
34762
28255
53597
8596
24748
31275
50387
59469
12555
56186
8847
28212
57873
33874
29473
11666
43882
6853
22566
20730
25251
13249
28926
36961
49064
8774
48052
8304
16080
17400
25496
55183
8437
13193
28299
48635
327733
37084
262202
36928
34560
56106
47656
12258
41268
29657
44700
3302
24218
42504
198036
43586
52073
48614
17232
12709
15516
15706
21056
34241
59562
50292
16960
50434
61945
4641
9614
51497
263001
30746
29670
45510
38203
7657
42613
31549
60009
9541
42637
57153
31376
39293
48148
37063
201540
38778
48708
24997
48347
201924
132197
35260
21461
17814
55850
197764
17222
47447
41659
2065
39184
44600
12301
35548
198080
196914
20516
42109
43541
24634
199720
28843
55427
29285
29485
61848
48275
33525
62282
50765
262253
131706
62300
39288
36991
35144
44739
133741
50625
62874
16262
48957
7522
35033
12722
23114
48438
44217
30833
263494
39318
24785
47537
55383
50561
4270
52465
28329
393708
133216
262474
4816
48115
18000
20911
9374
56079
47335
12835
37184
58803
262699
15721
21103
24315
29396
55915
262659
22581
38964
52403
15348
52979
41288
196938
50315
51088
8997
198934
3816
39543
59497
49902
55766
18037
262721
28890
41034
24077
12599
62423
28683
55772
7546
41496
37209
18451
26523
29061
5513
12479
6700
4004
132434
28870
198602
28797
9500
35699
3372
24516
6702
23541
198840
24637
262458
35526
31510
132497
38209
23884
7602
21057
20544
39418
44030
45763
48268
38031
5639
50128
27932
8685
30855
51230
36997
15757
39153
12315
262822
41943
29457
45170
43892
12968
37153
197556
17826
8881
52924
16322
28769
16531
56681
43366
52370
42739
29012
34912
19422
12946
17675
15544
8664
15945
48278
51074
51440
35706
34594
37672
263646
18895
10013
52308
21280
33796
45204
262706
37628
58717
43310
4613
25035
8501
26210
45599
37309
41360
14259
31577
198040
23576
200187
197068
3262
56926
28268
199393
133499
18015
1299
48326
31283
16256
38896
19052
8241
42910
6022
51577
262996
50084
197602
30922
59318
29303
10015
58085
23657
26838
12997
60717
52706
39216
35598
31400
37963
29278
38611
1103
12978
42532
52871
8798
49502
263073
12969
28103
8245
61382
20657
20661
38505
62969
12880
62387
28284
35091
27653
57973
132165
11096
1140
16253
133295
44514
17766
25071
24576
19752
17941
61480
9737
197207
50763
34450
53050
29125
43538
262206
31221
29069
10026
198539
20631
14537
39310
24183
37011
197765
28153
28264
36932
35213
24750
43150
47478
262355
15311
50056
28000
29442
9038
29468
55644
16450
40224
8804
5664
62007
376
38091
12850
2594
51947
58629
6735
21379
15557
16066
39637
34772
198610
9902
31732
60456
198295
59442
30999
10102
59587
196936
8440
13156
56048
197248
549
8943
57627
53163
46053
41148
7682
8660
48209
41190
45230
54929
33920
24138
45302
62081
28137
197617
9901
39151
13127
24832
28198
28712
14866
22661
5467
31554
42484
42456
132787
20590
199715
37187
43939
35362
15743
9002
28036
52901
35612
43646
42403
30126
21804
5690
18004
50597
62446
262743
9930
60771
35717
21040
1555
8726
22799
41789
39555
42596
58474
197298
13157
44196
56403
39704
57218
61955
5645
24295
9150
10204
41134
6830
44735
25468
6724
2588
31595
59370
57554
19496
28122
27665
23947
3741
24342
57388
31203
1237
49810
16054
29465
34092
34554
4230
30988
37053
8674
35662
28642
31424
17828
4750
196844
53158
47117
24872
31126
812
21559
50821
24534
26613
31519
57172
197999
21472
17226
16265
8717
43973
199422
48408
9876
197133
25369
15419
37254
50507
133064
50009
58691
199103
45014
51483
17820
24589
47692
4267
20207
4266
6778
52280
49414
51154
41966
53185
10145
25689
50448
9398
15805
200041
51587
199081
17001
51813
8345
18403
61130
53169
28598
28360
13253
43284
23956
48919
5435
51958
8897
32491
13037
12829
27181
29453
20731
9316
12597
41749
197377
21513
132040
41495
25409
262488
11855
52950
6659
6846
20917
34953
28287
43110
24195
59605
37463
35154
7575
5410
58486
8982
13110
48362
12670
25098
15614
45671
31100
38710
48424
45300
56466
8492
25394
7578
9351
37284
262444
34304
60899
29530
41750
28676
43152
38001
7668
393430
3209
3223
30028
56799
58452
31649
31244
47394
12657
5433
23699
42880
44412
22652
12773
29208
29006
56257
42396
24523
20722
23243
25478
49685
38712
262482
39011
17425
9519
855
12333
56975
31416
29492
31641
27814
13657
30539
33930
10135
12470
34714
39529
2852
52941
41161
24863
9067
59701
27696
5413
264472
6568
13041
53053
24435
56038
51430
25607
42852
29007
17229
12180
24864
21064
9303
34676
28136
15895
8530
20653
21156
47995
28258
9050
15974
58914
10113
18671
55536
4609
34610
3212
58291
12329
31608
9892
30745
25512
43670
43940
603
38176
1569
12926
29091
25148
61655
62814
38289
28300
200020
262273
34695
51399
196832
52824
15725
25061
9924
60252
38202
24535
4721
47463
20810
50392
34325
8895
9036
19373
24945
55821
7502
45595
21294
50952
49598
12350
37357
7533
43727
47205
9293
1936
43112
25577
49223
31507
41023
49102
25513
5434
1913
28668
15857
19180
29076
12507
20634
34019
42514
37358
46764
24889
21378
49183
28210
28310
198785
8426
13791
8571
62754
57290
29314
37255
17559
34315
29697
39156
39401
47104
47961
17785
34909
33915
52604
42675
39574
30881
133781
20485
18479
15886
33924
12849
8258
53131
25746
56737
3327
17459
44124
35223
15605
263070
13208
58303
12989
43802
9063
35189
6487
50304
57662
20952
12843
48728
24129
8764
58464
44494
262403
18592
17958
15439
21189
33965
39205
39923
35491
49507
50362
25498
14638
28907
35371
15962
15377
8339
42335
37057
38731
50384
53047
5524
199545
22177
25347
197043
24940
38525
28649
38040
26110
42571
49889
4704
35567
61889
7057
45543
34875
50337
25459
37179
43555
5381
198545
43720
18351
132602
44237
2529
45451
15808
10158
9340
51653
10474
262806
4804
50130
29674
2861
42667
60144
34797
262760
28751
42560
37076
8487
29074
38154
53076
43712
47902
20751
2857
43334
3216
200000
45470
42432
262720
21351
29047
41887
59444
3602
29050
60632
16300
58782
7717
49550
28005
8890
31576
23862
41364
50856
28881
39685
50468
60775
61223
8560
20771
13003
47249
52294
39295
42699
11260
57087
6786
22873
48043
60801
17443
197064
8779
43376
48483
7477
42632
9929
57948
15497
7545
12578
50261
28220
36493
3662
11340
25249
36907
50606
3397
41883
48453
30975
48067
35512
52075
10101
24631
30124
53087
58381
56484
9009
21392
8508
10219
12592
9526
7311
61211
8522
8282
45132
34309
13122
4760
4134
23944
47951
42965
48815
15696
17727
4628
56910
43031
12715
28802
41871
20849
60388
49367
7539
31444
47456
25668
56246
45166
28133
55309
28155
52153
199631
12327
9723
31430
49349
35819
49103
35032
6699
41791
199508
28938
12963
57261
47395
12310
7693
30176
34604
35067
13340
49749
24682
29576
60169
24995
39816
49957
39869
62421
51754
28502
5539
41913
42395
31391
41426
29000
24916
23923
34104
197453
263311
8723
29405
19169
28141
1273
49544
8511
11992
50968
31251
50360
37545
42555
42549
39785
8591
20161
49508
57858
50920
21385
25556
3268
10912
23642
38307
197017
47141
196753
53211
29644
8648
50316
56385
198225
20483
8419
8319
8681
20500
17762
30793
35631
9700
51474
26230
24582
10010
13115
20521
58224
8871
44890
201776
20783
55865
43711
33970
55953
44654
8629
41024
20919
8950
38924
41606
57187
35768
24198
42781
50767
21321
45348
31216
8300
60168
29404
31605
34660
10881
8580
49125
42800
262773
17841
12732
48427
48089
56857
52668
29527
47796
35320
44733
56030
16205
201985
28917
42081
201826
54578
47694
60039
1101
132876
133062
23673
2162
20299
5583
1741
39211
263594
52360
25220
48559
12140
30689
263616
15772
60703
50857
5387
42084
21333
20850
27720
21214
51288
37182
43106
21396
9387
5523
27064
34358
29384
24572
34456
41898
29491
48940
11727
262248
16130
39669
45735
53025
197726
17721
132490
28438
18106
29305
47949
6903
52752
263019
60187
43814
44902
37662
37347
34704
132692
9325
27724
9821
8968
3842
42040
23779
3462
15802
51788
29544
48296
131303
29732
43226
42841
34270
6762
29551
13773
47586
48172
8545
20852
43583
50670
197744
38621
6736
52323
20091
8781
22750
16097
39605
198720
6503
132203
58321
3836
262949
12685
197750
18485
20552
45458
13075
197204
6723
37119
29471
51155
11816
28303
52758
263004
25144
42787
47293
16128
262476
58587
28266
48339
31477
7636
8565
30892
38623
15774
38146
51395
39347
20598
39676
197636
4795
2200
3344
30848
12581
41599
34305
34844
132641
9298
7616
6824
42049
20738
21453
24586
57723
33788
12556
30936
263259
13045
9226
31225
12305
47623
43405
21151
34244
21226
41822
12357
37219
17469
61813
57879
48880
15474
9066
803
47698
45699
12481
10238
9601
199578
60212
21413
60137
49800
28747
12530
263030
31252
132225
25529
9618
51343
8075
25549
24173
17426
39545
17639
262354
21332
15924
39506
197451
58173
25482
6886
132228
20853
35638
43852
51547
12741
11468
48239
21277
23966
28509
51903
18638
53055
15368
7670
35087
262962
44668
49185
7455
58666
15290
12976
17971
16152
680
262353
57227
52873
29636
25163
197578
8601
51665
14080
28580
45157
25308
29607
16735
17754
35297
56534
48212
20804
16371
7511
48361
15851
34177
35254
9729
17621
57256
12817
24028
2042
4434
11271
196655
34803
49488
52747
39821
57285
31708
54412
9885
4608
197922
45762
24532
7438
56203
262664
28994
59322
24133
28978
11259
28352
57588
31208
52709
43197
53153
24811
12552
1836
35838
196878
38340
47438
3597
42610
37978
262463
28886
27717
9416
12580
19711
15699
48000
48056
197046
197169
61929
24246
58067
40393
41881
5538
23953
44963
6672
1880
781
23855
198569
44143
38195
42235
42819
24699
38220
39817
7475
29608
52262
8615
20942
198816
15517
197212
37613
17547
15475
8953
4589
6679
12716
196864
10143
30526
51407
12297
24753
45250
27887
54841
58941
53145
15658
38496
13194
41421
49605
50241
45854
1887
44383
41095
34977
17707
17511
16629
57524
9129
51957
49120
37213
21250
33554
57731
25180
41692
43666
197264
31475
39133
52302
57474
24593
31319
56260
17645
28250
45816
5377
8554
26788
61231
35518
30990
25145
25441
60917
28305
13092
11830
55351
45437
35179
53199
2510
25133
132581
11706
24971
47598
48858
44972
9609
45411
199995
23650
44185
16170
31323
15695
41562
61078
42926
61056
22411
10002
28173
29287
11750
23709
29562
20495
44943
28224
49063
34209
262388
51003
45352
12314
131322
3215
27747
59689
48539
262633
57800
41540
24400
53180
31500
3316
16179
35584
34144
42031
51405
57207
16471
8744
15468
39728
45729
55515
39242
8445
39839
47713
36031
24490
42160
132839
42014
24672
50035
45991
28840
56665
23871
8240
198781
262686
35524
47522
30132
37100
263064
35369
12021
25376
4771
52596
262737
15594
38082
41600
52389
11664
32613
4515
28669
60018
48485
34171
13878
18399
24829
262600
15640
8291
39120
9211
25557
42148
61400
4675
198378
9286
24421
262819
12617
29534
24810
199105
6682
5555
15735
15703
197184
36959
5466
42000
196705
15798
17809
25424
25582
8416
20629
5459
55836
25528
29154
48161
58430
262394
3255
34248
49025
57129
15401
702
745
9365
48176
198288
23383
1945
18185
45013
13246
29209
58247
55665
12386
8870
28812
262788
262748
263546
60118
24720
45629
6661
51884
262377
4528
28513
37571
21211
59239
52404
51431
41401
198435
9942
12400
263075
42575
56088
19429
42568
8265
198935
6777
58621
3371
12430
50882
20873
24445
8926
45455
11522
41281
28328
6327
36887
30920
62047
45495
9891
8608
28207
48129
31277
34102
9198
43998
44436
43443
23913
20640
20875
55329
53175
34110
29037
24151
18488
30767
21017
34444
9051
39271
31017
38949
36937
25584
9208
17233
8972
12392
28885
23893
60501
9112
8758
12605
39787
17501
13119
29363
34326
198541
45117
4755
48918
198851
31686
263423
47608
15670
6389
1547
59515
10278
2470
46064
34916
34052
7633
31672
43209
23895
21488
53115
62489
43539
29606
47111
58825
131310
52251
51484
33923
9297
26592
8402
17561
7473
47193
35725
132918
44522
24466
29124
9621
262865
11058
262218
262609
224
201865
5669
25592
262182
132687
262869
30781
56218
131284
9513
62189
47601
393508
12306
10133
18068
24762
41038
132761
20618
8048
198988
32791
43343
36974
33904
45953
45142
12303
7465
29030
39824
31484
49231
262587
25081
39167
49528
38757
263585
20570
262617
24936
47887
23708
58307
12041
25818
42232
59527
15510
25160
47881
38713
8449
8491
131778
28118
1248
23679
35000
38026
13237
6147
4768
56477
262549
55720
14868
24522
43289
53174
11172
28187
132730
21437
12252
21050
45037
263698
9121
34042
13213
56251
17658
41691
42353
48555
8403
22355
263000
33770
41454
132022
35377
3252
2527
12859
15595
52536
17970
34700
263536
6908
16073
262906
23910
39308
44919
51960
20766
12941
41733
4765
12872
4766
8966
35059
18371
47480
62028
24890
53246
41340
263018
48823
56356
24236
34655
8641
50569
21479
3352
12338
9122
47872
48575
43668
12343
17659
21571
16190
27168
703
53167
30971
58010
35339
39107
18734
31556
43700
45312
12768
6833
7500
52708
44843
57239
8323
9394
20764
42590
14756
21462
42673
56247
52971
34426
42786
4777
4648
50989
52892
34139
41820
51069
25074
5504
12066
42877
47147
17554
7632
59699
2497
263444
20915
35346
52976
10481
262730
15894
42334
53015
58942
43994
61928
49320
9658
53137
39399
44530
30784
42020
47843
49375
34718
9255
42466
50837
20539
11242
41997
45898
47242
24875
35776
6034
61070
7794
6820
47809
24835
8359
52967
9927
15527
9396
30722
132863
26105
47794
28768
6067
199320
23948
24896
12990
21442
42516
8613
24848
8569
133380
30818
24527
45896
36943
39451
24489
5403
31760
41066
31313
44096
39125
262195
11835
37282
48573
786
8771
9000
42038
30147
39928
779
262778
28239
28825
49109
52956
42044
33934
25504
42548
35393
59507
5605
10024
41157
41710
50146
197158
37088
132267
59455
41631
27138
52940
20960
35654
29170
52359
262711
37125
12353
45474
39756
37133
49909
9497
48648
25189
35019
21150
7048
48315
56672
7505
61950
52233
42723
51032
50045
7315
33843
132789
18268
24881
38934
27320
28359
28511
8654
38158
39613
16143
34419
43550
29600
12871
132410
4610
2611
9371
59627
38740
12883
57011
37637
25159
28684
48323
15491
3261
29304
21183
16229
50244
31025
7738
31133
49558
3958
8515
53171
263612
37308
5588
39326
17231
49242
52610
5438
8749
60330
16245
35575
43061
42892
27751
37013
15440
263665
132246
24547
131256
21175
23523
6429
28135
19497
262605
8820
49895
35400
17579
29049
45538
8055
262631
6798
29259
9667
56833
42883
12360
15673
6854
39710
47143
30904
28716
47169
38278
262847
5400
37958
44682
36923
13319
21570
58656
2614
52836
30900
35236
47211
3292
8542
50211
44022
48230
52880
63157
8513
37140
13285
51942
21011
47245
41011
28364
56169
9556
20773
12810
8470
58601
53110
55554
39097
17705
34568
35558
4764
52973
10954
50481
9329
9785
42429
17714
27742
49403
42010
263584
24904
41221
50472
8823
21284
9457
4269
52573
15344
24043
20950
29084
8928
25091
17709
28654
52770
49583
48832
39049
58577
33763
131717
58699
37061
31585
51691
3324
8167
47159
51375
9466
52550
15744
25515
4847
263080
25520
20312
9441
18379
29319
3378
18117
13170
57866
9918
7672
43754
20884
198218
38285
24323
18119
17948
28666
45414
198596
262914
51184
28271
44684
21430
60280
4263
20515
55229
14280
198499
4780
15577
53149
45558
31198
39339
19114
17813
8562
51827
15541
31342
17408
13802
27678
48484
41960
33971
25542
5061
2895
4770
15672
25384
58473
9070
12897
15806
51028
57217
4657
131334
16186
17477
47474
43537
48294
57463
29073
30729
55405
28986
50091
1764
20714
47232
49594
28244
21105
47594
34898
5550
39765
8808
31078
10269
132347
16246
23745
34779
199319
53023
12615
58620
45514
8473
35753
54002
18489
61978
262681
132742
39531
9143
57451
29655
262851
44882
34397
13189
34056
197216
19086
6802
51461
5484
45267
27986
22573
47241
262731
42981
6057
28738
132884
15426
3910
8559
49282
13489
9689
22381
56308
3253
31257
4779
28964
28512
13270
202056
55385
3058
262434
262801
50864
48964
10778
28263
56133
262421
197595
24679
49835
51580
57102
2500
42861
11032
262997
31499
34744
21236
56755
9889
12731
36873
9145
201977
58923
13307
29031
37374
45294
57344
56634
41622
133185
199244
61297
57487
20597
31287
31712
28745
31112
58470
29452
45846
8732
10733
59742
47215
17975
11139
37045
7514
2516
2687
262440
31415
44581
48039
13257
28171
25082
9824
7654
17666
36423
21013
48950
35425
31357
15533
262509
16523
262624
41369
43266
5521
38759
28205
34661
2134
5017
43350
12046
1136
27924
29582
34739
50398
38197
60777
28761
9905
31703
48237
42652
42298
48287
24492
37578
17431
29046
55666
35574
3254
1797
18092
27773
59492
4802
35376
53043
38462
8368
50158
59542
44895
53230
5541
41811
50643
48943
8689
6739
5511
31425
22011
25460
35205
6858
13230
9790
44009
2686
24085
24722
818
28242
25070
20965
43578
20866
18508
4538
48200
17622
263058
42313
48124
37137
50949
23936
34501
262820
4680
20616
199381
24437
32882
133439
20946
262769
28165
43714
30827
58940
21215
17676
12334
34752
7631
21107
132901
15668
47702
8262
42755
263432
23498
12332
16086
133229
8422
3238
51408
42245
41508
6866
42766
12502
133339
40383
15964
28545
12453
50265
198517
28653
132454
52995
42927
198081
51939
35329
34748
199624
262687
37018
24867
44257
5480
6828
39591
132106
36866
60294
8342
51005
14709
27978
41867
25282
28849
31038
2116
4741
198385
49352
41435
38917
4678
20931
24186
17916
10098
17228
26677
4808
10929
18042
42753
13293
55526
19117
38835
9318
199361
37336
724
47184
199976
57534
17747
48309
60203
29119
9042
766
53184
20959
48716
31042
44507
8839
49821
4862
27947
50088
55649
132074
3786
6799
28022
61171
199974
49962
262462
50628
51346
34867
60948
58514
27992
44395
56707
29014
57045
41476
14007
42947
27065
59249
35788
6332
47535
197078
42973
262254
8675
131772
15598
17379
58310
48570
8636
33842
56286
20928
38283
29182
17885
45194
12593
262684
43109
6848
262955
132080
33871
9026
7598
34385
41082
43046
45413
35332
38527
25467
16160
35815
34232
51619
17922
12739
39837
28910
47777
3249
1930
60341
196763
51178
58682
22431
4837
23106
131207
44647
61190
263264
61059
10099
28166
12143
44141
262526
262492
35843
21491
8586
47531
35047
41967
197284
30130
31353
8455
262589
45035
262725
15930
6870
25233
3225
59554
16016
51034
23666
9911
16112
2839
33361
24607
39702
48417
38148
55824
42490
39392
41302
9607
56447
38773
15766
51543
31543
45680
2683
19809
36030
39386
61010
15366
2107
42227
197071
132899
40473
17072
9230
2715
9304
48092
53059
18103
5607
13591
9443
51406
2018
17149
35719
15960
197343
52678
57918
24210
6714
21341
4775
26608
6849
10396
21574
11290
4833
9808
197520
48612
7562
48243
58002
8879
28876
262505
27817
55130
28640
132969
47236
39134
48569
30972
48112
17816
27759
197495
53018
18118
12179
8249
61398
42090
21501
197588
5616
38235
31479
57753
34645
3132
196881
15694
30961
16445
30764
41336
41230
12150
48204
11960
9584
17685
60409
1221
48288
12788
54527
25106
31027
7643
52376
36965
25473
42655
59905
61031
197116
36944
50187
200155
15830
45430
55738
35645
9999
41152
10094
28377
50477
42310
4851
52739
262696
44764
262560
51875
18127
1645
12618
58396
31725
30902
3169
9875
53112
27768
51110
6509
9167
61666
25543
47742
15763
50620
6880
3245
5391
6734
38771
51363
25490
6807
8194
31246
28130
33891
31263
42186
39375
56511
39781
52988
10022
18283
47989
15454
6391
36947
31692
35328
22548
31200
9039
16175
30986
39432
34555
4811
4040
31239
9119
45328
17864
8401
37678
9354
28202
28663
45588
198229
8893
10834
43070
60171
9549
577
52925
55561
7162
43620
28801
57128
17670
12321
34995
13118
12754
35592
197742
20002
39168
25150
41877
22724
6662
559
16397
197731
20255
39440
41904
43097
51910
51944
54182
51310
38768
52559
13065
24319
12637
42754
39040
24680
51646
9848
39964
198477
5568
24399
9505
28024
25184
53143
13002
31204
15589
18059
43320
49588
15943
31195
13247
7481
35333
25139
15502
8400
196742
53202
8317
41589
51904
47105
196925
34573
60139
43391
20969
61029
16333
16083
9268
48223
15433
4685
5396
13259
262900
262750
18200
39642
34781
17696
44574
43130
39074
133372
33907
58672
52065
37276
25446
37457
20519
47684
40028
15682
24641
18705
34168
2874
9506
43148
37223
6855
57608
263500
17633
59682
18260
25086
40788
8309
49925
17895
16637
51555
60695
39906
24245
44611
2118
41828
13005
34263
52730
262766
24602
9127
7690
25636
34786
50710
29684
39179
7298
9125
20676
196695
39470
55761
12895
54607
21263
35686
21287
10029
18149
197790
8246
262717
24298
13180
52286
58439
12387
56595
50300
3308
24390
33823
199020
262429
8680
49413
8338
10049
264362
31083
132615
62588
327693
13132
9845
15600
39775
50168
50928
262999
37090
48106
46609
196691
6774
20581
34391
262378
42564
262310
131165
8534
8374
44020
26501
37273
43948
39791
9655
12767
47562
34273
34245
53225
8364
57888
13790
18404
43418
12399
13133
13682
20895
262186
133498
15929
42832
41165
53182
25291
57882
262781
42583
24093
27841
47451
31566
45572
29432
35168
48464
12586
264439
7604
49931
8412
28548
23816
48487
44160
25122
34123
28719
20504
39505
132649
8468
48289
43103
59460
61276
24579
46195
21992
52640
20825
5769
51273
49079
9299
8330
8865
52872
2706
17939
31364
24651
4761
5385
8778
262301
53162
55636
47862
29003
18183
8457
50188
58689
132335
25500
51468
7992
16019
5580
201861
4617
35701
15659
44924
29449
49029
17506
8954
3855
5427
39861
21100
10160
38071
12322
23661
25248
60725
43139
22894
16154
16010
18487
9730
262891
43314
24220
62471
25320
57707
2519
27765
35795
28400
2554
28625
50118
57795
55794
27715
47724
6713
8918
25084
24538
24309
41560
29075
131586
4645
12564
49893
23678
53078
27822
37468
9116
24212
20533
28186
33892
48519
41722
41571
44387
52116
7479
15782
11562
49609
1213
39572
50266
28306
61121
197145
41931
6224
47253
52332
24528
6863
9650
45029
21412
24783
52981
11854
58552
23575
30851
42510
51167
20836
22927
43542
1680
9534
34547
8280
17884
133507
29382
262761
35531
47439
17888
262242
25293
53179
262566
16866
5071
39760
34120
54198
25408
27757
39199
42574
61657
29286
31033
198354
4805
196638
29190
16353
16814
42979
5576
7540
47377
52041
263626
16178
31588
37483
14745
45019
29691
43172
52935
13999
12601
31452
197960
5394
198826
10771
4670
38022
15399
41313
13088
16210
15669
24776
28657
20530
28368
52470
41390
21497
49677
28717
20842
17439
199127
263656
35025
16316
8551
34814
14651
45587
56627
58945
5537
28497
197155
16971
8708
15958
24626
133084
34892
13032
42425
41824
48057
8570
4007
13069
42291
50655
57420
14993
2764
56046
4844
56689
23815
55395
17660
25983
262237
31250
131583
43561
262832
263011
6539
3291
14744
60471
50683
4265
29053
8711
22884
51528
42905
3221
9908
41965
39647
57763
35614
8390
31581
55658
36025
262502
18187
17465
35409
132047
53152
16094
271
26609
16076
60299
30950
9193
39180
58599
51426
52858
34288
19582
35810
45903
42430
6694
3312
41937
51054
2688
34430
43782
9158
42918
55713
35549
200107
60191
41802
263596
9738
42104
53181
132145
20799
6663
12491
34848
12676
2607
47635
61763
20860
59984
31229
10201
1241
263099
262972
21483
27137
8649
56430
24739
2856
1267
43205
262282
55355
45280
48452
263443
44327
7470
2907
37930
50113
15734
43157
17917
38809
263531
199330
3218
44391
50993
52859
39737
262907
18209
9583
17812
35191
60384
34225
34289
26317
41457
263072
37928
37996
39356
19233
41345
29194
56402
45010
55690
45305
41925
57043
12519
53195
198415
12510
23838
2860
262374
20746
39257
29535
56702
132045
9186
197253
24167
2848
14086
28132
9328
7004
39636
24961
48757
13000
197099
28667
8311
38019
43045
34190
200094
819
8612
20015
17266
26548
50554
25146
35152
1835
31214
27881
52696
21362
18001
13289
41552
47358
32773
199129
38987
35007
42352
36666
52482
9021
23002
45253
25299
132132
19842
9797
57704
39405
48076
9264
34201
263631
12912
45425
12730
41900
30619
49461
12705
42765
262192
43826
27805
51490
28784
41431
3325
199484
48822
36912
48882
52768
48781
39193
29695
9370
7303
16696
29422
198048
48842
50677
23934
5577
23951
34362
133444
48293
24047
31359
57422
58725
7718
41920
42132
15965
262594
57944
21021
12545
45274
21261
3330
42708
15879
52547
18678
16296
17806
61200
37105
8866
23988
47570
52720
30783
132579
38961
41572
5617
199728
131349
5488
199585
3267
42163
42478
56042
36916
10032
16095
52468
10932
28685
15493
18302
7597
41897
35274
48004
31148
62136
23991
34323
30962
8301
61349
6758
34572
51541
8477
45769
12418
28703
52777
21213
34549
59595
13169
21104
2072
262405
25192
3194
59337
16283
21174
6904
7617
28146
1723
49342
56040
6738
28241
53138
17225
9241
12924
5503
52080
262798
44267
50171
15835
12302
49101
55740
53191
48354
15471
21310
52375
18390
39493
15570
28158
59772
29226
62314
23201
48173
28624
28125
24121
58461
35401
34525
56514
38165
6458
15919
45528
12808
37238
21949
21365
13147
27745
12644
15547
8990
34858
39289
56949
47196
49505
21502
5547
39526
9166
37521
6805
21312
4713
12346
30844
9831
16285
33164
41689
6775
37233
15180
35018
37353
58206
34747
12182
42896
52228
20621
27139
4818
45309
55828
34934
196797
37183
7788
19332
57214
28750
52721
56252
9229
8825
13036
12971
20704
50020
10774
15982
51810
11815
39122
57807
61034
8190
29354
48910
17924
13124
39138
48674
13055
10103
10429
51815
31138
49774
5425
23550
10217
49074
41176
57872
7600
11556
44889
43975
39792
26198
31261
17961
48538
15954
38888
35238
8251
262215
24778
9044
25003
35206
57470
42773
17887
52457
39299
39020
28126
7529
23563
43192
18229
25540
18282
24962
6876
4776
54308
48641
4739
2671
31658
56350
262756
49981
38248
6834
28260
21132
35374
18840
39900
13188
33321
16338
29620
24247
28762
24514
45147
35017
50446
62088
10223
43067
4787
26505
29596
20459
39569
21446
20655
28338
58668
8661
38561
26422
38456
59441
15612
35177
43268
173
61417
262807
197580
34251
60764
56264
132442
58436
8741
59268
35313
20632
60241
34372
131178
39611
27810
47645
9182
23752
24541
7679
15765
12482
44715
55803
44053
48479
12570
45758
39651
12975
12348
31370
17882
62178
56844
11647
21724
43179
6703
262638
24482
44686
12651
196890
9315
37027
43142
37376
30733
29648
30998
13238
45552
41704
21367
51190
15412
34224
263422
45177
39480
38288
2518
34968
50173
34770
23724
48951
55352
25933
8201
37271
28968
8226
28279
52850
20694
43925
12695
3265
9498
45845
4673
24730
61146
38322
30336
23962
23881
34254
196865
199569
14979
43203
13826
22356
10036
23750
47381
42459
39904
9625
40414
48738
38922
27066
262517
51290
12455
25386
38477
48803
132651
262808
30960
50156
39783
57982
14472
9260
62825
28972
25534
33576
4694
17447
53066
9103
4853
39032
51964
30985
198297
9336
6769
5408
21299
12779
49689
17746
37395
38264
24228
43962
55532
57543
39743
4813
262697
42480
262150
15024
197035
13091
12714
27908
20985
4618
37035
2847
49360
30943
61170
263649
4725
7506
6789
8343
16038
5552
25229
9153
20811
12956
44056
38932
21230
10021
12653
47544
8585
49641
25273
45899
9204
8546
49301
49373
8410
197804
58443
41765
262695
35805
44381
12847
25447
3605
12188
16020
50629
15756
18366
11845
59876
27970
553
37037
37075
36885
47637
20940
28007
40191
55663
21309
45786
56582
27876
5390
61924
47123
5713
197530
43751
43612
55350
52588
12683
52048
262599
3239
38199
57864
41743
43647
57085
43557
24536
47223
34619
50331
51606
58256
28707
263579
3243
42303
21480
49785
262789
29213
14840
45650
49620
35568
20324
48854
9146
20900
28576
27951
53061
15525
6648
33771
6677
12735
53904
21473
9110
28189
44941
38826
34378
34984
8903
198224
42525
43576
6163
61337
29571
34974
31286
201942
39832
35132
25521
23674
6505
53242
53071
60304
43146
3755
41998
48500
58610
28859
16395
15626
52142
132837
39444
28285
21233
38742
42337
35714
18101
21274
36925
17444
7713
196807
17686
11342
13121
23935
58678
15997
54676
23487
24550
263314
7568
16117
49964
37529
39603
31034
41958
11081
29081
41554
13030
42957
48108
42546
198252
45513
53118
14743
2586
28605
57681
43267
53075
9931
60859
5518
7908
24703
52213
62206
17619
133255
19338
10084
21286
29467
17787
45298
8443
41678
5089
263003
38149
39701
57120
41929
5431
12842
44444
20902
57119
28145
27969
8999
17227
49608
38193
43022
30782
45289
44285
286
8816
13009
29056
6407
30880
197300
6881
15936
49572
262765
34602
36881
14282
25472
55330
31720
51373
18201
57843
7469
13056
44265
55707
56503
38333
9205
16949
59547
46015
21142
28330
38506
43404
45158
42477
28245
3758
34145
47148
19875
44953
7497
50258
16303
58152
13236
34688
198961
41847
29518
13178
19806
48948
7629
36786
51762
34277
47602
35601
196678
1853
51007
199364
44896
52320
29017
41164
14754
61971
57049
41453
21266
48166
48371
47748
3213
24958
21219
56233
59702
133170
12541
44078
42318
5430
12625
27893
58055
9503
17625
26426
13106
262342
44033
52579
2820
39121
17726
6905
2818
9627
38511
27879
60685
48096
12380
6913
15421
25255
47696
12693
17897
35178
41151
262689
9137
262503
47569
25505
13101
43769
55441
28346
9308
36843
197524
1251
16171
29199
35432
197826
47329
58463
45179
9733
20904
48695
57324
197501
14147
35566
45725
263436
262793
55581
24611
36986
37497
18046
28878
61996
12713
52974
47151
8261
199518
38097
8925
47883
15318
53037
57394
52771
23641
19515
30742
44302
52590
16150
12496
12905
197091
21127
2609
30925
36992
23688
393223
7527
28124
25454
11014
20910
760
25143
48467
24560
47506
38858
43843
37906
15732
38544
8153
34513
9871
132405
2854
31036
50010
9749
31122
262854
8676
39912
24955
24638
21353
25511
43171
50591
39010
133448
262669
20647
35467
3301
31382
44914
35457
4621
6879
31294
133001
31334
38861
39039
47264
16302
31495
12986
6772
17668
196983
12312
24348
52965
43073
197945
61287
44579
59498
37228
39264
9189
61028
57174
44814
8285
15623
35104
15723
21438
12337
35434
27983
57259
52036
41006
6731
4264
63516
52263
43356
15738
60926
1759
9049
31029
20562
28658
55508
8553
52904
46062
28996
24130
61568
9155
43831
25002
31368
197541
31677
5578
9326
53048
44894
50607
8431
11269
38794
23649
50923
43260
11888
47814
8517
196675
50613
20712
30778
8387
199860
262903
3790
15935
513
19863
56258
30870
262401
45796
40341
29614
12577
36868
38726
62432
41854
10118
48971
51060
1290
43435
56309
58453
4809
45400
41639
8718
39232
34997
202203
327775
55805
38880
29414
23889
53205
55410
48683
43559
43957
56349
4788
4845
45668
52661
33875
53224
50463
47895
24192
8220
9587
137
6910
17638
28283
44838
53080
12316
27884
52374
44575
34723
52532
30868
8970
47541
25531
7496
51551
8218
50466
17492
57023
9381
31304
37204
53209
49687
29066
28634
23756
23930
31059
50115
35804
24893
8382
31117
50245
8393
4686
28554
45015
41556
3208
47764
43024
25234
39551
42346
47218
262318
8447
17915
8529
44468
6856
61045
52762
21548
31371
5602
4854
34359
37475
55391
9031
24846
31463
197535
24122
39309
49023
5384
131702
6768
7474
17494
18881
50891
12772
20755
5610
42005
1120
58511
199420
12668
25525
41168
5416
24691
51380
28032
36958
28637
27693
41427
45349
46031
28208
34037
21500
36977
197118
43658
49897
60610
262340
45346
56876
44691
17927
31305
9086
8697
56391
16181
16284
19089
28267
23671
53238
37253
3257
28590
56538
29300
43950
797
30910
262199
24095
34470
8519
57084
18739
29988
6667
17557
49070
263057
23686
16084
4800
44356
30914
25486
201371
28226
12466
15428
48159
37248
5483
196957
4826
21232
28884
44980
28760
13184
16050
41653
42912
36930
10019
8151
8821
42831
2830
39115
3313
35617
133232
24324
22689
38976
2716
50153
12361
132142
29649
36585
34169
47116
47321
35415
38503
45932
24953
17604
52689
29553
56360
33852
5432
24203
57771
58314
20686
12414
20932
48252
47440
58466
10089
1955
28169
31529
28201
262989
7610
14178
15915
39087
44787
24588
52245
52444
41075
39091
35140
52937
198432
45224
1659
9269
25999
6821
2647
12390
41798
31272
43733
10417
59516
10533
4558
9822
48885
15397
4812
23184
15800
37449
8784
42339
47273
33929
5563
264409
21007
262785
60497
12980
24088
12181
48370
51705
43333
