45441
38566
58544
58547
24573
23717
38601
4762
4767
9546
133113
38034
55549
55545
56018
38265
131216
24237
38255
199228
4823
45262
45265
9287
24379
24378
133907
133909
134064
131293
55771
55423
24076
7630
7636
17489
23883
23884
58690
58692
55802
55808
38184
131460
4750
17634
9413
56118
56112
56117
4618
23932
132876
132879
45430
45530
55538
55738
45328
58930
38296
45581
132062
132063
133581
9891
133167
133163
24042
38888
38889
38886
23969
23873
38293
38297
131246
131249
23757
45503
23644
55476
131162
131163
132880
24326
24328
24491
24497
133042
133956
132605
133376
63940
18054
132107
45752
56120
55339
4621
133751
45796
55642
63528
37983
131089
38543
45520
4784
58430
45197
134073
24040
55646
38794
9411
55760
132061
3836
3839
4741
45860
38168
55488
45248
55790
7568
45764
10227
7596
18215
38718
4274
17556
17552
132172
9464
55407
55403
132371
133763
133760
133761
133764
7654
38081
45458
45455
45456
9741
134086
134089
24540
55868
55864
55867
58955
38618
132900
4776
38554
45537
45533
132013
9397
55932
38002
17427
17425
4827
24472
55554
23919
38599
17724
133880
133888
132280
131221
58586
10151
37977
56067
58370
17887
132201
132207
9835
9587
24060
24067
132412
23891
23892
132626
24475
45134
23656
131472
7588
132493
24083
23925
23927
132866
17823
38815
9715
4856
38223
38228
45662
9903
45878
58924
133758
132701
38444
38443
38448
38074
133152
17478
17479
38899
17475
45229
56050
10089
132250
131257
55465
18408
18409
58806
45575
133947
45805
45142
45800
132681
131087
45847
132117
132009
55349
4651
45471
45781
45788
55634
55635
37992
45629
24562
23725
55844
38820
45806
9551
24242
23687
23683
38024
17441
132545
24455
24453
55938
38439
46013
9339
23602
55925
55927
18386
132479
45255
45254
133791
45758
56085
46079
18197
133910
133919
17565
45199
45836
56168
38326
38328
17499
17827
133528
133529
45652
45667
133848
17980
9562
132300
24299
45642
132849
132842
18356
9486
9737
24128
24465
55522
38589
10028
17901
7715
24217
24214
4803
7693
24393
56277
133481
55451
132032
45173
7616
7613
55916
133543
18252
18256
132618
63951
131445
131447
56130
56134
9533
24097
132482
55325
18362
45413
56309
55514
38550
24187
7485
38231
38239
59238
9931
58913
38450
45958
45959
24190
38040
38041
17468
17460
45223
9475
37932
37930
56223
59374
55490
55496
55498
131191
24344
23974
18205
133063
132086
7470
133193
132821
