45441
38566
58544
24573
23717
4762
4767
38034
55545
38265
4823
9287
24379
24378
55423
7630
7636
17489
23883
23884
55802
131460
4750
9413
56118
56112
56117
4618
45430
45530
55538
45328
38296
45581
132062
9891
24042
38888
38886
23969
23873
38293
131249
55476
24328
24491
45752
56120
55339
4621
45796
37983
131089
38543
45520
4784
58430
45197
24040
38794
9411
132061
3836
3839
4741
45860
55790
7568
45764
10227
4274
17552
132172
9464
55403
7654
45458
45455
45456
9741
24540
55868
55864
55867
4776
38554
45537
45533
55932
38002
17427
17425
24472
55554
23919
38599
17724
10151
37977
56067
17887
132201
9835
9587
24060
23891
24475
45134
23656
131472
7588
24083
23927
17823
38815
38228
9903
38444
38448
17478
17479
38899
45229
56050
55465
18408
18409
45575
45805
45142
45847
132117
132009
4651
45471
45781
55634
37992
45629
23725
55844
38820
45806
9551
23687
23683
17441
24455
24453
55938
46013
9339
23602
55925
45255
45254
45758
56085
46079
18197
17565
38328
17827
45652
9562
24299
18356
9486
9737
24128
24465
55522
38589
17901
24214
7693
56277
55451
132032
45173
7616
7613
18252
18256
131447
56130
56134
9533
24097
55325
18362
45413
56309
55514
38550
24187
7485
38239
9931
38450
45958
45959
24190
38040
17468
17460
45223
9475
37932
56223
55490
55498
24344
23974
7470
