49569
49563
62085
35211
43856
43331
60250
8869
198436
201178
42999
61298
39841
6823
15819
33910
47591
44713
41077
51361
25323
60093
50111
31307
15797
196733
42910
12978
43276
8947
58183
51476
5474
16135
201579
50264
50267
197328
35474
62433
20864
28845
58348
47865
30734
47288
47134
49672
58109
24922
20978
34398
62054
197906
60027
6822
39427
31654
44274
49161
8831
50090
12873
24891
39582
20728
42321
57053
8705
50875
56650
34996
31541
12861
15755
29635
9121
13102
60146
24815
47894
15406
42609
35185
15642
15390
59674
3188
201064
43716
201930
5422
58242
47331
12729
25145
21245
196680
34619
41417
12908
12903
60301
43488
21084
58156
58151
62211
201978
60847
30874
2600
47607
60537
51695
34818
34104
31085
50907
43391
1885
43642
202159
29334
30840
47185
41801
48895
60096
49305
24706
41686
202048
201632
58051
12858
199779
6755
42193
20591
44565
35079
198417
31704
47276
59895
48811
199124
29189
60896
60897
39095
43725
61966
48170
42287
201411
12777
42447
41933
62187
35331
43210
13278
201079
8456
24944
198511
42752
49843
49840
197583
51559
51557
15798
20622
196631
33809
39253
61148
196993
41755
201666
62072
62077
42397
42807
44922
43322
59490
39565
201160
8721
8725
57914
51174
41324
33960
43779
48644
44766
197720
34736
12296
15460
15464
43242
42626
29221
59447
25594
199038
201585
198780
34403
201364
48456
29399
51777
42967
47294
47123
60083
44389
51206
2592
198890
42701
197937
60946
31647
31645
34162
6707
44261
35547
59886
51126
25566
39807
197143
41374
34984
200967
8505
61017
60056
16069
42421
12794
41999
196837
60152
57886
201274
201273
51435
42075
201928
59704
199515
43069
56582
202143
39172
20649
48425
51046
24614
24615
49632
29434
62019
196971
9000
201688
56501
42736
49861
34478
51575
197941
42868
49027
49126
51729
43417
49177
29179
62095
52117
197654
12599
43300
42169
60283
13138
48292
43116
60881
201021
198208
16187
56363
60607
34755
35403
51658
51915
29549
8363
61363
197597
197042
60660
28967
43260
200006
51533
48313
48319
58198
13263
34959
47524
199812
51585
57844
43562
8678
50941
57110
199608
49467
60721
59805
48737
34388
30808
24667
38920
33830
31471
44639
44637
58295
61135
61132
9074
20967
58259
31274
29144
199419
49581
62061
28781
197912
197916
57600
59936
59487
197894
198970
199366
47238
12444
199907
58016
58012
12891
199505
29060
197386
41296
43352
43356
60232
62148
8685
47883
199984
197130
34595
15656
51540
42055
41735
48953
201032
60659
34418
199861
51625
31365
12735
15924
51021
28865
16361
198234
199484
20954
9021
56998
42716
200153
31674
47436
34117
47387
42260
50913
35080
34684
51703
199333
47190
201128
58203
196627
61220
15843
201086
200972
49887
61420
8517
12840
5458
197633
43582
44554
44558
39298
42348
59887
197141
43738
61972
60596
57152
31689
49768
41902
8386
61347
61345
52033
199556
58339
42926
201181
13245
8466
8467
20907
202135
49875
49879
39185
35509
51739
43425
9095
198325
15897
201618
