49561
44798
13053
40965
47678
48919
52103
52107
59951
59956
35213
41540
41544
44917
16005
56842
24579
34323
35050
197254
197255
197251
197253
35588
57787
198439
39558
39557
34046
34044
42371
42372
42379
12837
50844
50847
50842
50843
50848
61959
43109
43103
197434
197433
60429
48019
196748
48010
34280
59500
50303
50305
197192
56623
61297
25526
25521
25529
41331
41337
47598
47590
47596
39071
43748
60990
43743
43742
43744
48656
48650
44710
51367
56352
56354
56355
56359
57005
57001
52182
52180
21312
56972
56978
31072
31077
31069
31062
31061
34743
34742
35296
35297
50115
51640
41278
42892
197179
202106
202103
47940
47943
31305
47361
47362
201483
201482
201484
42469
21151
21488
44502
29534
50751
61399
57709
52065
52066
52061
196877
197582
197058
30891
42918
51824
39751
44078
39199
41758
47752
47753
28975
28974
43180
60354
198634
57985
57982
58184
48094
44337
62246
59585
34204
51475
51299
197781
197129
60839
196934
196939
57599
33997
33999
39348
31598
31593
47513
47517
6681
44137
44132
43022
43025
48117
197329
197327
25403
42292
31388
35800
8647
43554
200136
44584
61312
61316
25174
21219
43613
43618
197504
58340
198251
198253
30817
31148
31149
31145
34668
34661
50012
38957
35530
35533
56756
56751
25236
25235
41422
47860
197533
30735
31469
31468
42502
42501
42504
41854
44629
44628
29475
8788
8438
50569
51216
51972
20971
20979
43921
34399
9205
9202
49827
48195
13023
13027
28790
51534
35748
51391
61085
197901
25482
15738
39422
47415
35221
51963
43880
42824
47990
56543
198124
42126
21432
50096
34379
197203
24896
24893
199313
43051
43458
20724
20725
42327
59636
50879
48845
57242
16223
49088
49080
49087
49332
49337
58221
58222
198356
59575
29130
24758
56652
51153
51157
39810
41305
41308
15821
31542
39049
39047
49536
62327
48665
48664
44742
42381
61003
51317
51315
51314
56321
25372
25370
52151
21322
197610
60349
29074
34715
50161
50165
43802
57545
41510
41513
39666
47919
29637
43348
42434
42430
20833
20839
49704
49706
49703
44538
44533
13106
13107
56428
56429
56423
57774
52052
60141
57483
24812
58196
59823
197001
197002
57232
35345
35340
35341
197228
198820
44049
47890
47898
41724
28926
60386
201260
48358
198600
42608
42600
42604
29203
196741
50354
197125
197128
198845
24999
24995
15645
39333
39331
42041
40991
41027
48964
48962
29427
61997
43050
29508
57059
48145
13188
34799
34792
199839
28740
35442
51611
25437
39916
57311
41598
41599
47334
39169
41967
48437
48438
48439
15936
47526
50981
61323
61322
25143
198224
198227
198229
196682
25085
31173
50049
24593
24621
38961
38960
60754
47811
43222
43223
43485
43481
12687
52218
52213
21087
198109
198108
49622
49620
49995
62215
198179
44360
199439
201039
41600
47600
47604
197067
44837
56485
198720
42723
42727
49817
44446
62028
35731
35737
51560
197373
197371
199431
51694
57398
34814
196740
16038
39471
31664
201872
201874
42250
51937
50909
49139
49131
43641
197554
20515
20516
42112
48777
29336
29335
30842
30849
56490
56492
25265
25269
47182
31437
43405
43400
20754
62295
62296
12803
59602
41115
8779
8772
28994
28996
48892
48897
51848
49306
198306
58215
21310
31234
29102
29107
50678
24703
41350
41684
41685
201094
58055
58054
50475
50479
61034
29044
59613
59618
15713
57682
197643
31009
34180
34187
35273
43837
5380
44209
43310
42195
44562
51794
56415
56416
25199
29421
34065
57944
42357
42352
51851
44019
44010
28910
12408
12403
49075
43124
43123
43120
199127
197158
57219
48385
42655
49389
45004
202107
29275
34265
29181
29187
50361
50362
197171
197172
50581
39862
39096
42095
48637
44737
44731
41018
44193
5415
29116
56370
57025
61965
21379
49223
21376
49227
21374
56950
198022
60612
48178
50288
50281
50130
199864
28776
28773
35412
42485
47349
12421
12773
42441
49757
62181
29559
50730
50738
51069
57726
52003
25118
25119
57189
49142
198491
29618
50074
42938
29491
39772
41771
12959
15458
60334
60488
44687
44686
44351
44352
197512
59492
50509
35689
35688
35680
56688
24945
24942
25092
25099
20916
39362
44119
44117
41096
41631
47673
48915
48911
198162
44804
44800
44803
198754
61101
50204
197341
197348
51554
35497
197967
56525
56524
56527
56526
56522
57699
57349
57341
3261
47475
6886
39445
31633
43576
62300
42222
50956
12530
16327
16324
52082
43633
57102
197561
49491
29693
57991
38931
35513
57996
51742
51743
25256
57899
57895
12639
49204
41873
41871
41875
56938
20785
44600
41122
59652
57659
57655
198593
49353
197488
197481
197487
198337
198338
197738
31247
24733
202013
44884
43086
49598
12397
44411
44416
40972
40978
49662
42396
12809
60918
57616
57612
52131
35633
6807
60359
43864
42802
44255
44924
44921
6877
6876
43320
56851
60246
20897
198633
48239
48230
29342
21411
8856
57981
35245
50140
34312
197263
197880
41232
56446
57422
198429
34056
34058
31489
44333
44336
20709
42301
50856
197110
43175
60455
196758
48004
48006
59513
25514
41328
41320
15800
31520
15377
39066
39065
43774
43773
49511
58000
48649
48648
48641
44495
202028
12883
197726
51995
51993
56347
34480
50109
50106
41283
41285
41288
42883
39644
47937
47939
12788
12294
21497
44519
50748
61384
8343
48272
52071
52074
24872
196864
196860
196863
197028
35365
35362
48279
61356
15461
47743
49029
49022
48378
48377
42620
198624
49681
49971
48081
48082
48084
44304
44303
59593
59594
34214
28681
50780
8207
34346
201041
43998
198215
16124
16126
43032
57076
48127
50772
197314
59497
41208
41200
3258
3254
202190
47315
39147
57455
43543
200106
41940
62427
51903
44596
25165
49444
49445
48711
31159
31158
34677
196767
50027
25203
41435
39722
39728
21390
47124
39262
42511
42510
42512
42518
12662
13202
44387
44383
58021
61116
61117
57703
57582
24937
198899
196947
20949
199808
43918
47795
44145
41665
44857
60033
42702
9213
44461
47707
47705
25498
56394
56399
12691
57621
15742
43896
198659
50107
44269
47985
47984
47981
12545
12548
50927
16044
43662
43668
60746
20539
59815
42134
42138
196665
62206
34142
25282
198658
57479
24882
24881
51264
61172
33851
33855
42664
41820
57954
20733
13281
42335
42331
8719
31387
35804
57276
57270
57271
43145
43143
49327
197477
199491
198361
29128
31210
50690
56663
56668
51124
51122
41375
41376
202067
35614
15586
31556
39382
43786
43781
43789
58032
48692
48696
44750
59781
12875
12872
50459
197628
31023
30954
30955
34700
43819
43815
43812
41502
41501
39619
44952
44950
47900
12792
48243
31378
8337
56439
56435
56433
196831
60159
42399
39513
39512
31725
197015
31187
35352
57887
44032
41710
50808
50803
60395
49019
49018
42670
45025
45027
45022
29213
29215
57949
49903
49908
34248
197152
197159
199263
34908
47550
39300
48619
201920
61988
61986
43067
21354
56932
57049
34787
34786
28750
35781
56587
51601
25448
39928
39924
39695
39693
197287
3204
3202
41588
41586
41583
5530
31343
31347
51943
41914
41910
41911
48420
29574
29576
61354
61355
25132
25133
52021
52023
197576
21257
21256
57100
3326
58309
50052
24610
24618
42959
12933
41791
30779
30777
30771
47821
47799
60313
201184
43497
43496
21343
42546
42545
21096
48329
48323
49982
49984
13252
48589
48585
48587
29439
29436
44379
196716
25386
25385
196977
196975
24962
47283
20934
198532
9002
51576
197751
12963
199025
44171
44173
41619
15577
44827
198088
198085
49860
50221
50487
197364
51930
197361
197945
57361
34867
47458
47454
34136
31000
201803
42865
42598
42590
15772
43384
49125
43659
43658
57166
57167
57164
43656
197547
60777
48748
196638
57836
29320
198293
30859
59478
39468
59671
24697
57995
51725
56716
33798
33866
47170
31427
39230
21011
43418
43411
43416
198698
41815
48509
44664
44668
41105
44083
199500
51252
51253
48880
48882
25071
57285
198828
49372
199440
199447
198314
50395
50392
50649
50643
50641
41348
42458
47694
49570
58066
62098
62091
44434
199908
50401
57670
57679
52119
57093
59942
197658
60274
30964
30966
6768
44235
41550
39622
28804
12593
43306
20873
9164
42164
48217
62117
35067
197241
198989
198987
20590
196808
61344
25183
39546
34077
47243
47245
47248
42368
42982
44005
44006
50831
43110
197424
42641
198647
42648
198640
48028
196777
57979
29249
198395
34278
59531
50310
196632
35639
29325
57830
57831
51194
51197
25533
56610
39851
15683
31504
39084
43753
201023
200049
41062
51359
51354
58332
25330
25339
200013
16181
56362
52190
52191
49824
199098
56944
29031
29034
50298
50297
50127
35409
51657
51652
41269
41260
47379
39127
39128
42471
42474
35320
57442
20699
51917
24857
198488
35308
30886
43526
42906
42904
42905
39747
39742
39748
41762
41761
15448
200000
43266
43261
48312
48317
58199
62259
41784
51441
35144
196924
198566
201104
44122
44121
28724
48923
48924
196705
43017
43010
60685
42768
48106
21500
49858
50211
50210
28706
197335
57686
35816
199013
43564
48471
50949
51016
28858
52091
52095
49461
3255
60724
20550
48730
29663
35381
50004
50005
24664
24662
35524
35523
51756
25229
51250
51258
31475
47142
47145
39247
39249
39248
42534
42530
48031
42393
42395
42394
58110
20796
20790
48533
51874
57962
51875
44633
44630
59646
29469
58297
50579
50574
50576
51227
25029
197490
12700
31272
29146
198132
50633
43936
197175
41649
44878
35602
25082
49589
49588
58099
48188
44400
44405
13032
62066
51528
51522
51387
51380
56558
57603
57601
57605
52125
60030
15721
56600
56605
59932
56607
39431
47403
34143
44240
42837
41568
44930
57960
16066
56823
48229
198152
42159
196645
29376
29375
49798
56835
59489
59485
29597
29599
197278
56459
57419
47235
39572
29511
43446
20714
48783
21437
41150
50864
50861
8192
16213
43163
43162
43166
21261
57924
57925
59564
59567
50325
35649
197531
56649
25500
25503
25502
25505
39822
41316
41317
33978
31531
39056
43765
43764
58015
13307
48674
48672
59768
59762
44482
44487
12890
51306
197995
21330
21338
197602
197601
29067
29062
31044
6712
197388
5593
51950
9131
49710
44526
62146
196851
196850
60173
57492
57493
57498
198459
197035
34023
41485
44055
47889
47772
43258
43250
60370
49038
42611
45042
45043
45044
45045
49224
44319
44318
34229
197131
199351
61182
24986
198556
15386
39325
39322
39329
42054
42057
42051
42052
198669
199767
12998
48957
15416
56918
57060
197688
197681
197684
12986
51591
51597
51622
39908
47306
31360
21131
200110
41972
20660
48440
15929
8601
25150
25155
49183
198238
196694
196692
29382
29389
34608
34605
34603
25216
25210
42975
12914
47800
47801
47809
15497
31445
31447
31448
42564
29496
52206
21075
49617
202165
58164
13234
50548
198889
196957
196953
20950
197774
198359
43902
41671
56832
8254
8258
47638
197454
42714
42711
49803
49806
44456
51511
51518
197923
60953
197707
56385
56386
57384
57383
199208
6849
6846
57519
47434
34118
47389
31091
56873
56872
42268
44291
56818
56817
56812
198684
42104
198168
8813
8811
34359
34355
35081
197221
197222
35557
56489
198925
25299
8870
30790
43472
43479
41838
41834
48560
197578
41168
59617
41161
41165
41166
50896
51279
51273
25053
51858
60134
198378
48045
196790
31206
196629
50662
50669
57825
56676
25559
41360
15595
15596
31560
31561
39027
42799
42798
49883
48683
197073
25393
25398
52178
52171
52174
59969
34190
43822
39608
44961
198402
60206
43586
43580
21189
20850
41987
48278
13121
51784
50788
56400
56401
56404
196824
196825
196829
198464
39528
39529
34016
39299
39297
47266
31193
42341
41709
47702
28907
12438
43130
43133
43137
43139
60419
198665
34259
34251
49934
57441
50373
50375
197147
33927
34933
39315
42068
42066
44728
44722
44723
41009
25315
49213
57033
198030
198033
48169
29013
29012
34776
28761
35795
51672
25456
47725
47722
39681
39680
39685
31682
31685
31035
31350
47359
12706
6723
21100
43508
43502
48411
52032
31113
34092
34094
43111
34633
35325
24609
39769
39762
41781
47838
47788
47781
43206
60326
42556
48334
48330
44695
13249
44340
44341
44344
48595
51866
35123
8461
60860
196906
196905
198505
15626
60817
197743
199932
41082
41081
41084
44109
41626
44812
47664
51959
29095
34448
50494
35714
50499
197359
197358
197978
34870
34877
15785
39189
42238
42239
24726
8654
50963
28830
12507
21228
197571
49480
48280
48759
48756
30826
30828
60298
59468
59461
59467
29688
29685
29683
13103
24688
24685
24681
24682
51738
51734
41479
41478
33817
39223
21029
43426
41867
44616
57864
29443
8753
30860
30861
61159
25000
16271
198582
199450
198323
58271
58277
202026
34570
34579
50380
24725
61214
61213
61219
197522
15895
44897
44894
44892
