11542
11541
11546
11545
11549
19398
19397
19396
19395
19392
19391
19390
53900
36601
53902
46137
46136
46133
46131
46130
36707
36706
29940
270
273
276
16700
16703
16702
12019
12018
12015
12014
12016
12013
12012
46707
10708
46793
46792
46791
46790
46795
46794
54540
20152
54543
20157
11365
54542
16768
22747
11362
36421
22744
11363
54170
54171
54173
54176
11360
20258
20252
20250
20251
20257
29765
29767
29766
29761
29760
23507
23505
23504
23502
40328
27619
27617
27616
27615
27614
27612
27611
27610
29923
32621
54306
31947
23518
23519
23120
22674
22671
26562
26561
27379
46134
46132
32226
32220
32221
32222
26339
32228
32229
3745
3742
3743
21930
21932
21933
21935
21937
21938
22220
19973
32012
19970
19976
19975
11407
19979
18538
18539
18530
18531
32442
33753
18535
33751
11403
30228
17259
11402
30334
30226
30337
30330
30331
30332
30338
30224
30220
15167
17253
17254
10250
17256
53563
23266
23267
23265
23260
23261
23268
23269
25959
10703
10702
30717
21619
21618
21615
32609
21617
21611
21610
18581
54068
32601
32606
32607
18580
18583
25951
5058
5054
5055
5056
5050
25956
18893
18897
18898
36179
36173
33528
33529
18760
18763
18762
33521
33523
33173
19357
53459
19356
6958
14740
54066
8037
8030
8039
8038
14746
32750
46860
393742
46864
7363
13988
13989
11768
13984
13985
13986
13980
13981
19358
26077
19257
11769
22742
13672
13676
19255
54143
19588
19586
19587
19253
19581
19250
33309
7949
16410
12208
12209
12204
12205
12200
12202
12203
693
62784
19514
26834
26836
26830
26831
26833
26839
54035
54034
54036
19511
54030
19510
393444
11641
33062
27007
27004
27005
27003
32588
53942
14839
32057
32056
62929
25714
25716
25717
25710
25711
25712
21874
21877
21871
21870
21873
21872
21879
21878
26066
26065
26064
26063
26068
20254
33064
36429
36778
36774
33729
14660
18566
14666
2572
33573
792
23508
46234
46235
46236
23503
46237
23501
15133
15130
15137
15135
15134
31764
31766
31761
31763
31769
14837
53786
53785
14975
19749
19740
19741
19744
46301
22576
14977
4323
46303
11621
46304
10355
10357
10352
10353
10358
10359
4324
46821
6253
6250
6256
6255
15282
10924
10928
4246
53438
53439
40269
40678
40261
40260
40263
40265
40267
40266
14307
14306
14305
53436
53430
21516
21514
46224
21515
35930
17173
21512
21510
21511
35934
36386
4243
22018
21519
7772
4241
33375
15067
19263
19262
19261
19260
19268
30719
33476
33377
40946
46083
46081
46080
33376
46084
14303
2552
2559
46559
33370
26565
33372
40947
21847
21840
27594
27595
27590
27591
27592
46820
53665
32289
26647
26646
26645
26644
26642
26640
26649
26538
53664
1445
1444
1443
1442
1440
23037
23036
23035
23033
23032
1448
22348
30612
17130
26215
32934
32938
32939
53663
25699
25691
25693
25692
25694
25696
27279
195
194
196
190
32695
13530
13532
53668
13793
13539
3452
3456
3455
3458
3459
40069
40068
27491
40066
14149
14148
14144
14141
14140
14143
14142
11326
14350
27493
14352
14498
14490
18679
11189
19137
19135
47040
47041
19134
47047
47048
19133
26656
27496
6478
19469
19468
19464
19461
19460
19462
4046
46719
46713
46711
46717
33283
46714
27210
11499
13967
13326
13327
13323
27216
13328
13329
46652
11496
21934
46657
46658
25958
20089
22912
11872
11873
11870
11871
11876
11875
14808
11878
11879
20085
54346
20084
20083
20082
20081
33242
22195
13485
22193
1689
33285
40877
29989
29981
29984
29987
13486
7219
19791
19790
40102
16568
393451
7213
19795
19794
7215
33284
16564
30326
16561
16560
40647
54419
6931
54411
6936
16562
17046
10918
10919
16424
16426
16422
16423
53279
7800
53272
26759
53271
53276
26758
22951
7806
22957
22956
2749
39942
39945
39946
39947
19868
54720
19860
3043
27419
27413
27414
19864
53623
27263
3952
3957
3955
3954
33217
22139
22138
22130
22135
22134
22136
33404
40107
32749
32748
4452
4451
4456
4455
4454
4459
33761
36248
36249
36246
36247
36245
36242
36243
36240
33401
19635
18819
18818
33038
33039
18812
18811
18810
18817
18816
18815
4969
4968
7124
4965
10628
594
14758
14043
14750
14751
14752
14753
13904
13907
13900
13909
30077
30072
30071
11110
11115
19058
30335
19050
19051
19054
19055
19056
19057
30333
13687
40297
30339
33648
16625
13685
16621
13684
16996
16997
16991
11406
12284
12285
12286
11404
12281
11464
53848
19909
46908
16969
1931
46903
46900
46907
46904
46905
54317
13483
13482
4043
46433
14959
26134
10592
10596
10594
10595
19902
20355
20354
20353
20352
20351
20359
30699
30547
20033
17040
30545
1348
30544
4468
1341
1347
11466
20035
40127
36279
40128
19905
40129
15293
22441
46770
22443
22442
22445
22446
22449
22448
26351
26353
26355
26358
54545
40514
16966
46775
46777
33487
8147
62833
35873
33484
40879
33483
16842
11463
16843
16841
33482
14345
33481
32843
14344
12177
30271
30276
30278
4271
4277
46587
46585
46580
23187
23189
23188
25923
25921
25920
25929
25928
23459
23458
23453
23455
23454
36610
53658
6124
6126
6122
6129
6128
53652
17276
53653
4310
30540
32686
32960
40944
32687
36038
36033
36032
36035
36037
36036
14389
14388
32685
14383
14382
14381
14380
14386
14385
14384
17386
7086
7088
8175
26929
6949
6947
7132
7136
40865
40405
40404
40406
40401
40403
40402
40408
22506
13736
13735
13734
11996
13732
13731
13730
13739
11381
19159
19158
19154
19151
19153
19152
26477
26478
35975
26479
26698
7867
7862
40608
12129
12128
12121
12120
12123
12125
12124
46511
21727
32440
26971
14729
26973
26972
26975
26974
26977
14728
26979
26978
32443
1997
1996
53951
4972
36824
53950
36828
54345
53957
25611
25610
25613
25612
25615
25614
53954
26141
26142
26143
26144
26146
26147
26148
26149
33205
2055
53958
33449
33443
33442
33440
33445
33444
36540
36545
36547
36546
36548
53855
53853
53691
11605
36174
36175
36172
40618
53851
46437
33527
46435
33522
17129
27550
46439
27552
27553
54546
27555
27557
53858
36769
53859
46911
25641
6356
6352
6359
30162
23079
11606
14888
14889
14880
14881
14882
14884
14885
1609
1603
1605
1606
40300
2615
40305
14265
14266
14260
14262
7341
46913
25899
25898
29901
29900
29903
29905
29904
29906
25894
32608
11600
17378
46912
10405
16619
16618
19349
16611
16610
10998
26980
10997
10995
10993
10990
10991
46836
32326
46837
46834
46218
46219
46213
46211
46216
46217
46214
46215
46835
11649
11648
18567
11602
46830
20441
27498
30284
26729
18609
22887
53521
29885
32873
32872
32875
32877
32876
26174
32295
32297
32291
32293
32292
32298
13480
23381
46931
53693
23380
46930
23385
23384
39960
39961
39966
23387
39965
23386
32123
23389
32120
32126
32125
32129
32128
26265
26267
26266
26263
26269
26268
22030
22031
22033
62734
30154
30155
3795
3794
3791
2154
4983
2152
2153
4989
30151
30152
14011
14067
14064
14065
14062
14063
30562
30565
30567
30569
30568
40144
4318
40146
10612
40141
40142
4319
10615
40149
10616
13678
511
510
14110
13677
6536
6534
14116
31965
30388
53495
33496
33497
30157
11049
18474
18476
18470
11608
4166
17355
17351
17350
17352
19636
19637
19630
19631
19638
13407
13406
46454
46455
46457
46452
46453
46458
46459
23533
18546
31995
20073
36513
7362
11939
27231
11935
11934
11933
27230
19589
1488
46616
27239
20342
27238
20343
20349
25821
11069
393244
40031
40032
8084
8085
8082
19735
8089
40035
14807
40037
10813
10819
19818
32434
46615
1852
53337
53336
53332
53331
53330
7941
605
600
26886
26888
55199
6481
22768
22769
31858
31859
31852
31853
31850
31857
31854
31855
32628
32629
19516
4557
4555
17015
10511
19512
10517
27307
27306
27301
27303
27302
27309
27308
17200
13398
18957
31993
33179
33178
7872
33172
33171
33170
33177
33176
33174
30488
30489
30482
30483
30480
30481
30486
30484
7003
31997
18683
18680
18687
18684
18685
33288
18689
31996
747
22803
40489
40488
40485
40486
40481
40480
40482
14568
26633
5749
11302
11303
11304
11305
11307
46373
14189
14188
158
15216
15217
15215
15213
15211
15219
14183
14182
22808
16542
16540
16546
16544
16890
16893
16892
16895
16897
16896
16898
19849
31890
54480
10499
10497
10494
10493
4010
14451
14976
14971
14972
20012
20013
20014
20016
20017
20018
54039
32514
17209
17054
17055
40812
17052
40810
40811
40816
40814
17053
17050
1261
30602
30603
17058
30604
22562
22563
22564
22565
26410
26411
26415
6469
13868
32428
32429
17202
13865
36395
23497
23496
17207
17206
2583
27603
53697
17204
2634
2636
30136
30135
30138
27525
27524
27527
27526
27521
27520
36646
27529
36647
33607
33486
47005
1531
46749
47001
25808
25809
25804
25806
25807
25801
25802
15327
53739
15324
46740
22379
15325
23312
23310
23311
23316
23317
23314
15323
15320
53738
46744
20328
46745
46746
32985
32987
32986
32980
32982
27002
32989
32988
6606
15329
11635
33485
22044
22041
22042
22049
22048
33328
33322
33327
33324
36665
36103
6307
40380
40387
40385
6301
40388
40389
6300
6303
6302
30679
30678
40522
29699
16741
16740
19934
19933
33408
16744
32059
19938
30687
12051
11539
12050
11533
11530
11537
11534
12055
12054
46164
46165
237
46160
46161
46162
46163
46169
32171
14433
46292
46293
46290
46291
46296
46297
46294
20107
18510
20104
32438
63010
63013
25715
62943
62947
20102
10288
10282
46838
25719
13395
13394
13396
13391
13390
13392
2903
2902
2901
2900
11882
11889
21654
20195
20194
20197
20196
20193
21658
4255
11760
54148
20223
20226
20225
20224
27644
27646
27647
27640
36361
22038
36363
33207
36362
32215
32214
32213
32212
22687
22685
22681
22680
40378
32024
3715
21901
21900
21902
3719
4908
4901
4900
4903
4905
4904
4907
4906
32526
10973
23012
36462
36460
36466
36467
36464
53820
53828
22788
30261
30267
30269
31871
10979
33652
33653
33650
33656
33657
33654
33655
33659
31875
15086
15085
15084
15083
15082
53779
35881
36776
35883
35882
35885
35889
35888
54456
53774
53772
54455
14669
32023
14849
11837
14846
11833
21726
54559
40125
23176
26408
54554
54552
54553
54219
32021
5080
11238
18494
36145
36144
36147
36146
36141
36143
36149
36148
18736
18737
18730
33518
29822
29823
29821
29826
29827
29825
29828
29829
54310
2912
54216
20296
17364
54311
54211
32520
17365
54312
2914
8000
8001
8002
29727
25931
54314
29728
17360
54315
36095
10899
36094
10891
10890
10896
36090
17362
13602
13601
13607
13606
19584
11763
11766
11767
14986
15139
46319
46318
32432
16928
12234
12237
12236
12233
12232
36688
32276
32436
26809
26808
26805
26804
26807
26801
26803
20122
32652
687
683
32570
21783
36681
22273
22270
22274
22275
22278
22279
53470
25729
32571
25725
25724
25727
25721
25720
53475
53478
32004
32001
32002
32003
22496
22494
22495
22493
22490
22498
26386
26387
26385
26382
26383
26380
26388
26389
3696
26038
26039
26034
26035
26036
26030
26031
26032
3544
18596
5739
21558
3527
3525
18597
18729
5738
36784
36783
36782
14653
14652
14655
14654
14658
22712
21557
22631
21554
21555
30402
30403
30401
30404
30405
30408
22638
40779
40778
40777
40775
40774
40773
40772
40771
40770
26782
40719
11758
26785
40715
31758
31755
31757
31756
31750
31753
53275
40713
15298
15297
15294
15295
32271
35928
35929
35922
35923
35920
35926
35925
54293
46262
19347
54292
19340
54298
6943
19773
19774
19779
21600
13523
13520
13526
13524
13525
20128
53510
6195
6197
46667
32063
54155
10364
10367
11616
7208
7203
7202
7201
7207
7204
6222
6223
6220
54400
54404
16401
20129
40892
40893
40890
40891
40896
40897
40898
54121
46231
14585
14584
1777
1773
1772
1778
14580
40236
40237
40234
40235
40233
40231
40238
32260
32261
20201
19742
20200
40641
34
54228
19316
46283
21544
30166
393521
53734
22827
22821
22820
36815
36814
36811
20414
20415
20416
20410
20411
20412
20413
21746
53517
25888
25889
53899
22604
13624
2705
23064
23067
23060
23062
23063
23068
23069
2707
17282
31956
19312
2700
32904
32901
32903
40646
27225
27222
144
140
2701
149
36372
36373
36370
36371
36376
36374
36375
36378
22569
16520
18636
16526
40526
18633
14391
36597
36595
36591
40527
36599
18969
18965
18964
18961
18960
17164
19310
14196
14197
14194
14195
14448
14449
33086
17160
5663
5662
5661
5666
5665
5668
15076
47079
47071
47073
47072
47075
47074
47077
47076
6402
6406
6404
6405
6408
26711
33089
26710
33366
15074
26712
26714
26716
16752
16753
16750
205
206
209
16758
16759
12042
12043
12047
12044
33365
12049
33524
15070
46575
33363
15071
17043
13315
13314
13313
13312
4190
10759
46571
10750
10753
10754
10755
10756
11803
14832
20113
20112
29733
29730
29736
29737
29734
32375
40919
40918
33247
32372
15079
54506
30601
33246
53676
1832
46608
32373
21789
21788
33241
53677
23298
53674
23295
12275
21975
30605
22609
22608
22607
22606
22605
3738
22603
22602
22601
26519
26518
26512
26511
3733
30607
53670
13583
4927
13720
13721
54508
40903
53945
53535
11379
11378
21981
21983
21982
21985
21984
14301
11375
11374
16417
16412
40373
54469
54462
27482
27450
22980
22982
22983
22985
22986
22987
22989
19140
27483
22173
197612
197613
30379
30372
27446
27447
27445
27443
27440
27441
30374
30376
36409
20388
27485
23215
23213
23211
23210
32796
23219
23218
32790
53803
53802
53804
46376
3922
3923
3921
3926
3927
3925
7828
32857
14911
32715
32712
32713
6099
22163
22161
6092
6095
13499
46883
53941
46881
27209
5003
5002
5006
5009
13492
27204
36235
46885
39993
39991
36234
39996
39999
39998
53908
21672
1798
7171
7170
7172
23227
33599
33595
33597
23225
33591
33590
33593
1790
30029
30024
30027
30020
30021
1796
40649
40648
14767
14766
14761
14760
14763
14762
23108
6074
36282
13855
13939
13938
14803
13931
13933
7773
7770
11274
11276
11270
11272
13680
19061
19060
19063
19065
19067
19066
19068
40837
40838
40839
33636
40374
33637
33633
19685
19687
19689
46280
16804
7912
7911
7917
7915
13797
6337
53599
53593
53592
53591
53590
53595
46973
46972
46971
46975
46974
32110
10406
54060
54067
54588
20308
20304
20306
20307
20300
20302
32703
13693
32702
32701
46282
32707
19266
32064
1317
1316
1315
1313
1312
32559
32556
53640
22419
22417
22414
22415
22412
22410
20103
26309
26306
26307
26304
26305
26302
26303
36161
3612
21829
21822
21823
21827
21825
32084
32081
32082
36166
53905
36704
36702
36701
36700
11597
26485
46087
46086
46085
26484
22043
1242
26842
46196
46088
19019
1249
26845
11590
33754
18537
15168
15169
32855
15162
15163
15164
15166
19930
16839
2551
16838
2553
26848
53872
4208
21782
4201
26435
26437
11479
53873
23406
23404
23402
23403
23400
23408
23409
46551
46550
46553
46552
46554
32400
32401
32402
20060
6111
6112
32406
32407
7281
7280
7286
17144
46288
17145
17140
17143
21780
30536
30537
30532
30533
4587
4581
4583
36067
36064
36062
36063
36060
36061
36069
11182
11183
11186
11187
11184
11188
33259
36286
16972
22996
39975
2894
6932
6938
6939
2897
8121
8120
19189
19183
19181
19186
19187
19184
16976
36131
13768
13769
13765
13766
13767
13760
13763
5797
5795
5794
5790
46767
11409
11408
19236
19237
19239
53768
33490
27597
16848
12175
12173
12170
12171
46586
12178
10448
10444
10445
10440
10441
10442
21776
21773
21771
21778
15055
54924
33495
14041
15051
15052
26928
26926
26927
15053
26922
26921
1436
1437
1434
1435
1430
16970
26685
22338
22337
22335
22334
22333
22332
22331
22330
25648
25649
25644
25645
25642
25640
32329
32328
32321
32323
32322
32325
32327
22593
22592
22591
22597
22596
22595
22594
22598
40704
4867
35856
35857
26178
26171
26170
26172
26175
26176
2650
3401
3409
4875
4871
4873
4879
4878
14119
18473
19605
19604
36517
36514
36515
19606
19601
19600
19603
19602
40038
40039
30032
40936
6488
6485
40676
40672
40673
40670
40874
20158
40875
26648
54329
40876
25608
19433
19430
19434
19435
40870
29749
40871
283
46466
23039
54328
40873
36015
46748
22845
22844
22688
13703
22843
22349
6309
22347
22342
22340
21740
1632
1634
1635
1636
1637
40371
40370
29954
29955
29950
29951
14255
14251
14252
13701
16725
19375
19371
19370
19372
54467
13706
19379
19378
53643
10967
10966
10962
10961
53426
10968
26895
16495
16494
16497
16496
16491
16490
16493
16492
46263
46260
46267
46266
19015
46269
46268
22900
22903
22904
19013
14173
53861
11619
53289
53283
53281
53280
53287
53286
53943
20417
54529
20451
36552
26718
33551
32828
32826
32824
32825
32822
32823
14452
20385
23879
32798
20389
27270
36236
27274
36498
33049
33048
18841
18842
18843
18844
18845
18847
40179
40178
40175
40177
40176
40171
40170
40173
14097
14096
14095
14093
14092
14091
14090
46205
18437
15307
18438
30538
30187
30186
17311
17310
543
546
545
17315
17317
17316
17319
16761
6569
2044
6565
35852
19609
16659
16657
16655
16654
16653
16652
16650
46207
16950
46469
46468
46464
46463
16958
46962
46807
19088
46806
13458
13456
13457
13454
13452
13450
13451
7991
7996
7998
20380
7334
7333
7332
11964
11966
11967
11961
11962
11963
11969
46808
32772
15303
19342
32337
46947
46944
55
46945
19559
46940
19558
19343
50
32776
11038
11039
32777
1399
1398
1397
1396
19555
3450
19554
393231
393234
393237
393238
393239
53696
53277
6
53980
13621
53982
53983
53986
13622
11036
26873
53368
53369
26874
53366
53360
53362
1803
14838
46333
198220
14127
558
25970
25971
25972
25973
25974
25977
25978
25979
36752
23489
3807
3801
14121
32619
32618
32611
32610
32617
32616
22280
11701
32841
22759
14493
53601
14492
22757
31823
31822
31821
31820
31827
31826
20467
31824
31829
31828
14496
14495
26481
14494
20313
20466
20311
4503
20314
14649
54075
17012
17010
17011
17016
17017
53399
7030
7033
7034
40842
30709
30708
30701
30703
30705
30706
7786
7784
7782
14686
14685
14682
14683
14680
14681
14688
14689
53471
53897
40458
40459
40453
40450
40457
14538
14539
14536
14531
14532
14533
54077
19102
19103
19106
19107
5719
5718
5716
5715
5710
47101
47100
11488
11487
11486
11485
11481
16590
16591
16593
16595
16597
16599
7816
19816
19817
19811
19812
31980
53985
31981
22949
14945
14947
14946
14941
14940
14943
54300
14949
6479
54309
20029
20028
53534
20021
20020
53537
6473
21650
10546
53531
53533
53532
1985
40860
1217
1215
32459
18909
18908
32546
33307
22513
22517
18907
53476
53898
30653
30650
30656
30659
1989
8134
40329
53477
22919
18990
22918
33418
33419
33414
33415
33416
30149
30143
30142
30141
30140
30146
30145
22813
22913
14834
32094
8133
32835
20331
32834
32837
27219
54144
22815
25835
25837
25836
25830
25839
25838
23363
23362
23361
23367
23366
23364
23369
23368
40506
32916
40502
29812
14424
6653
6652
6380
32917
46710
21837
1511
21528
36383
36382
36387
36388
33353
33351
33350
33357
33356
33355
33359
33358
32914
22878
32635
36651
36652
36654
36657
13819
393251
32632
13813
40605
13811
14219
22879
14218
32630
23486
3598
13324
13325
5693
5691
5696
5699
23485
40750
36732
53911
11696
11697
11695
11692
11553
11691
36823
11552
46159
46158
11555
46151
46153
36739
11557
21598
53918
32682
32681
10275
10274
10273
10271
10279
20127
20120
54113
40335
27638
46101
46107
27360
40495
4996
32170
32172
32178
27369
27368
26239
26232
26231
26236
26235
21957
21954
21955
21952
21953
21950
21951
21958
21959
3728
3729
40730
3724
3725
3727
3720
3722
14019
14017
14016
14013
14010
40757
36419
36418
36416
33629
33623
33621
33620
33627
33626
33624
19946
19940
19941
19241
14802
14805
18529
23482
23483
18522
30235
15176
30237
33255
15170
17244
26135
53821
17240
15284
10739
53706
53702
14408
53703
53700
53701
20133
19331
54242
19334
46485
22283
22282
22284
22288
26017
18527
29859
29858
29853
29851
29857
29854
18526
53488
26455
46484
32186
18524
29982
29985
26780
18521
31825
21596
21597
46816
46817
22761
46810
32732
22762
10676
11345
10843
10844
10848
10849
11346
22764
10674
19529
10738
22754
46348
46342
11713
11716
11343
2928
2920
2923
2924
17089
32933
11348
18593
18590
54635
54634
18595
30461
54568
32731
23158
1503
1500
1504
1505
23154
22208
22203
22207
22206
22205
22204
55140
32692
32696
32699
32698
54561
54560
19243
27358
27353
27356
27357
32035
32034
32037
32031
32030
32033
32039
54566
33045
33120
33121
33122
33123
22369
33127
26005
26004
26006
26001
26000
26002
26008
40017
54208
18482
40014
29790
29791
3577
3576
3571
3573
40015
26137
29796
54206
14608
14609
14606
14607
14604
14605
14602
14603
14600
14601
54207
13789
30479
30478
30473
30472
30470
30477
30476
30475
30474
31783
31780
31786
46227
46226
23535
40725
40726
40721
40722
40723
40728
46221
46220
40601
27621
15267
15266
15265
15263
15262
54201
15269
15268
20457
35959
35958
16519
16511
16512
16516
33042
13559
13553
13550
13557
13555
13554
19896
19897
19891
7896
19898
19899
7891
62523
46634
46635
46631
46632
46633
46638
46639
54045
7276
54431
54430
54434
54436
54439
35993
15279
27192
27193
10914
35992
10915
54388
54385
27197
54383
54382
54380
10910
53423
35990
23153
53420
1749
5740
1746
1747
1742
32501
36313
53425
53429
11179
10310
1293
1294
1295
21504
21507
33016
5744
16429
21509
21508
32991
33012
6971
33013
22668
30700
30702
30704
30707
26579
26578
26575
46832
22877
22870
36844
36845
36846
36847
36841
36842
53273
2685
36848
36849
53724
6979
27572
27577
27574
2024
23059
23054
23057
23056
23051
22959
23053
23052
40943
22955
26627
26629
19335
22012
22013
22016
22017
22014
22015
31904
31905
31906
31900
31902
31903
54620
40454
33393
10695
174
36309
36302
36306
36305
36304
29763
22994
31785
18934
18935
18936
18937
18930
13548
46669
18938
6984
30628
30629
30622
30626
30627
40089
40088
40081
40083
40087
11333
11334
40557
14347
40555
40554
40553
11337
40551
11190
11336
40559
40558
14470
14477
13849
19104
19105
19108
5714
47024
47025
47022
47020
47021
11560
11561
11563
11564
11565
19918
257
12039
12038
12033
12031
12037
12036
12035
46094
6981
46849
11483
11482
10763
10765
10764
14864
14862
14863
14860
14861
21759
46648
21928
1258
54196
54197
54195
54193
20270
20271
20275
20277
20278
21754
32166
29748
40948
29743
29742
29740
29746
29745
29744
40621
17390
17393
21757
17395
22655
22656
21751
22653
26547
26541
7265
32285
40620
7260
7263
17396
7262
40659
46663
32240
32246
32244
54426
32249
54424
6203
8137
8130
8132
40513
17153
2729
2728
17152
40511
17151
40651
2631
7810
17189
17157
39954
40059
39952
7733
7818
7819
7737
197640
7735
4188
32581
30358
19813
4198
54391
54393
21828
32582
17056
15041
23248
23249
4196
15040
30322
30320
26270
4181
15047
21518
46560
32587
46561
26279
32726
32721
32720
32723
4183
32729
32728
4185
46564
17051
46565
15049
21908
4186
15048
46567
32342
33095
33097
33090
33092
33093
33257
36118
33548
33254
33543
33540
33544
30535
26
40691
32444
40419
33252
13388
20
32345
33253
7148
7146
21
7142
18747
18746
18745
18741
18749
8051
8057
8059
22
30019
30018
33251
53647
2
53646
20326
46873
1287
1286
32026
53645
1280
21904
14059
13588
11166
11167
11160
54371
11161
13658
13659
15206
11248
11244
11247
11246
11241
11240
11243
32025
15328
14055
19039
32022
53649
33516
32446
29
11799
11798
11791
11790
11797
11796
11795
11794
1826
33511
53527
22167
17106
53524
16688
16684
16680
16681
16683
1823
7963
16978
16979
12268
12269
17084
17087
12262
12260
12261
10532
10538
54305
54303
54302
32746
32742
26858
26859
55236
54013
54011
54010
54017
54019
54018
46366
33545
53407
30574
53836
53406
30578
27024
27025
27026
27027
27020
27021
20071
23272
32108
20335
25770
25776
25777
25774
25778
21852
21851
21850
21855
21858
20334
3648
3644
26089
26088
26085
26084
26086
26081
26080
26082
11449
20336
27271
20078
36755
36751
36758
53938
53931
53936
20330
27273
46240
40863
40862
40861
18500
18503
18502
18505
15150
15153
15155
15154
15157
16850
20338
46595
46594
46596
12169
15012
12168
3705
15014
46592
15015
47033
46286
19441
40702
18594
35952
13787
53648
54289
10333
10337
31754
6279
47038
21800
40703
30677
32458
36607
35951
32451
32450
33037
33034
33032
33030
33031
30673
14369
14368
21801
14361
14363
14365
14364
40247
40246
40245
40244
40242
16704
40249
40248
7759
7754
7757
7751
7753
7752
16821
54365
53865
19209
19208
14810
15077
19201
19205
19204
19207
13755
13754
13757
13756
13750
13753
13752
26492
13759
26493
11459
19921
11584
22510
22516
16829
54362
19923
6482
40638
10475
26464
10507
7868
16942
14755
14757
11465
19845
26792
1433
26795
11332
32952
32953
32951
32957
32954
32955
32958
22362
22363
26797
40609
27257
27253
27252
22093
22091
22096
22097
22098
33458
32374
16948
32378
32379
33662
26694
26126
26127
26125
26122
26123
26121
26695
26128
26129
33700
26696
33459
30076
30075
3482
30070
14169
14163
14162
14161
14167
14165
26253
26691
30079
32503
36265
36163
36162
40009
36167
11228
6451
6450
6453
6456
6459
33536
11221
19449
19448
19443
27547
27544
32971
27543
32972
32973
27541
32974
32975
32976
32977
39969
22300
22301
30385
2734
19991
19993
19992
19995
19994
19997
19999
19998
13342
13341
13346
13345
13348
13349
29808
29809
46776
25652
29802
29803
6331
6066
11858
23047
11850
11852
11853
54264
54265
11856
11857
23045
6062
23043
33465
1668
1661
1660
11609
33467
33461
33460
30386
46659
36262
20171
33462
16626
16627
36263
54538
7743
46997
10939
54532
54535
22931
22935
22937
22936
8021
53250
53252
53253
53254
53255
53256
53257
53258
53259
16994
54700
54705
27439
16993
16999
54210
12282
18561
26746
26747
26744
26745
26743
26740
26741
20058
26748
26749
30382
22116
22115
22111
22110
22119
22118
22394
3970
30344
36261
4471
4473
4474
36192
36193
36191
36197
36199
22022
18871
18873
18874
22020
33019
4902
22028
579
578
40614
40615
40616
4364
571
575
4366
14738
14739
14733
13963
13961
10662
13968
2013
13660
30095
30094
30097
30090
30093
31972
18481
18484
6550
6551
6553
6559
19907
11293
11550
11073
16604
16600
16601
16602
16603
11076
16608
16609
11075
14343
46927
46928
46929
11955
11954
11957
11956
11951
11953
10599
54091
54090
53874
19594
19597
19590
19592
53876
30184
30183
4193
53871
20050
36314
32579
36315
30181
36316
14340
30683
22468
22466
22465
22464
22463
30685
30686
26378
26376
26375
26373
26372
26371
26370
36318
36319
12274
40026
30225
54621
53355
53351
53350
53353
53352
7921
30259
30258
30257
27437
30253
30252
30251
27436
16905
16904
27435
16908
46483
27434
8166
25949
25941
25940
25943
25942
3837
3832
3833
23479
12218
27431
32646
32647
32645
32642
32641
27430
32648
6143
6141
6140
6146
6145
11558
46914
46917
22707
22702
22703
22700
22708
22709
53579
53578
4539
4531
33199
33198
33191
33193
33194
33197
18942
36017
26828
36014
36013
36012
36011
36018
11035
53976
46811
7068
7066
7065
18620
18622
18624
18626
18628
18629
40795
40797
40796
40791
40790
40793
40798
46813
2381
2384
2386
40423
40422
40420
40427
40426
40425
53971
40429
40428
12272
14504
14503
14509
14508
21627
26822
11368
11369
11361
19179
19170
19176
19175
19174
19281
19280
19283
19285
19287
19288
16837
16836
16835
16834
7849
16831
16830
7847
7843
12107
12106
12105
12103
12102
12100
12109
12108
32142
21706
21705
21704
21702
21701
21700
46688
21709
21708
54972
26957
26956
20114
26952
26951
26950
1975
1972
1970
54354
20074
20075
32505
32504
32508
17044
17047
17041
17042
20473
30616
17049
17048
14136
30613
30354
32488
46371
13850
6582
14678
20477
13857
25639
25637
25634
25633
25632
25631
25630
20475
22828
6566
36565
36564
36563
36562
36560
26675
33421
30197
30198
13368
6468
36658
4358
4354
4356
15335
46759
15337
15336
46756
15331
46755
46754
15333
46750
20168
20169
40523
46146
20163
25709
40326
25704
18981
18989
14209
14201
14206
14205
36606
36604
36603
610
616
21646
40320
40321
40323
40324
40325
29929
29928
29926
29925
29924
29922
29921
26894
53634
54205
16734
19328
19329
19322
19323
19321
19324
19325
26899
13896
13897
13894
13892
13893
13891
13898
46188
46189
46182
46183
46180
46181
46186
27487
229
226
225
11667
11665
11663
11669
11030
32008
54595
32510
53787
53784
53782
53780
53788
53789
53432
33739
32829
21620
21621
21622
21623
23110
14324
21628
18643
22829
18640
33738
18641
62668
32859
32858
11598
32909
22199
22198
22197
22196
14322
22192
22191
22190
22823
40345
29949
40343
40340
22822
26059
39948
39943
32149
32148
32141
32140
18648
29942
32145
26243
16903
26241
26240
26247
26246
26245
26244
18649
26249
32907
3845
4963
14044
14046
14047
3847
14042
3846
14048
14049
32622
53845
3364
53847
53846
53841
53843
30541
40122
29920
21835
22792
32626
31865
40690
31863
40692
32627
40694
40695
40696
31860
16901
53965
31869
36768
22880
53745
36765
33734
14857
32745
14856
4145
18557
32744
14859
14858
18552
18553
14671
32743
14670
19653
19650
19656
19659
13429
13428
13427
13425
46432
32740
46436
46434
46438
6077
6075
6073
6072
6071
6079
7346
7342
7349
15065
54203
23183
11699
23180
23185
29886
29887
29888
29889
11693
3354
40356
36813
11047
11046
11045
11044
11043
11042
11040
3356
46150
46152
15046
20283
20125
25924
10879
393266
10876
19517
19518
46771
40934
20123
2379
46375
46378
1874
1873
20288
54668
54665
54660
30286
30287
27188
30280
30281
30282
30283
668
29696
31778
32623
23160
23165
23166
23169
23168
31774
33605
27180
22786
22787
22785
22782
22783
22780
22781
31874
31878
31879
26684
53467
53466
25783
25782
25781
25784
53463
25789
25788
53461
53460
27323
27326
27325
27329
27328
35903
53469
36099
36096
10951
35906
35908
35909
33111
33113
33112
33115
33114
33116
33119
33118
21549
3541
3549
21543
763
21547
22629
36222
7321
26790
5766
5760
15185
15181
26796
15189
11331
26876
46254
11330
77
15238
15234
15237
15230
15231
15232
16521
16525
16524
16527
70
16385
78
12189
12187
12185
12184
46255
53759
16389
13586
11339
10700
23038
14919
14912
14910
14917
20289
1791
40831
40832
40833
40835
40836
14574
23171
54119
32275
23030
32273
22549
22540
22544
22545
26438
26439
26430
26431
26432
26433
26436
32408
32409
23178
54239
54373
54288
5752
18603
18600
18605
22849
22848
20400
20404
20409
20408
30118
30119
30110
30111
30112
30113
30114
30115
30116
30117
3152
27503
27502
27501
27507
27506
27505
27508
53883
23088
23089
17301
23082
23083
23081
23087
23084
23085
54234
25862
25863
25860
25861
25865
23330
23331
23332
23333
23334
23336
23337
23338
23339
6628
6629
6624
6623
6620
6621
15222
23174
22063
22062
22066
22065
22068
15226
31937
15225
31932
15224
31939
54026
2712
46504
2717
2714
120
122
125
127
25986
10349
10348
17264
16550
16551
36686
36687
36682
36683
36680
17269
14283
14281
14287
14284
14288
14289
18901
18903
17268
30657
30655
30654
32414
32513
46502
14423
14421
14428
32511
33063
5757
32516
13816
13817
13815
13812
6946
33067
6966
46589
16886
19855
46102
46100
16884
46104
46105
46108
54355
32251
260
264
268
19949
10736
10732
10730
11017
21594
21595
21592
21593
21591
53750
53752
22312
54166
54162
54160
20248
20240
20245
20247
20246
29798
29799
16957
23539
2035
27622
22317
27620
27626
27624
27625
22316
22319
27190
27195
53758
14479
22318
14478
32231
32236
32235
32234
22664
22667
22663
26577
26576
26571
26570
26573
26572
14737
46110
13590
19560
3770
3777
3776
3778
13598
40215
11382
14336
11386
14337
36440
36441
11387
36444
14334
36446
36447
21927
14335
21923
21922
21921
14332
14333
14330
14473
46397
54636
32836
18723
33679
33670
33671
33673
33674
33675
33676
33677
30329
30328
54278
30369
30367
30366
40858
36766
53698
53699
54277
53878
31839
9
23277
23276
23273
23279
23278
36410
36417
53695
36414
1246
54276
11005
14904
32782
10661
17388
46360
23393
46393
23236
36208
36169
36168
30464
33533
33532
33531
33530
18719
33535
33534
18714
18715
18716
18717
18710
18711
18712
18713
17383
29801
29804
29807
46392
17380
23230
23233
23232
23235
23234
17381
7194
23377
1783
1787
8025
7448
8185
8182
13996
13994
13998
17385
40827
40859
40822
11296
11297
11294
11740
11741
11742
11743
11745
11746
11748
54438
19599
19598
16819
40622
54575
16812
54576
16816
16909
12213
12210
12217
12216
12215
12214
12219
10508
21526
26829
26823
26821
26820
26827
26826
10411
40505
19251
19596
40500
21729
21728
40501
27019
27018
27014
27017
27011
27010
27013
27012
22258
22259
22252
22253
22254
33078
22256
15059
25700
18852
22398
19254
32068
22732
30600
46598
26970
40185
15313
26976
21918
26052
26053
26050
26056
26057
26054
15312
33347
14677
14676
14672
30428
30421
30422
30423
30424
30425
30427
35954
1252
30506
33267
46590
30288
30289
15108
15109
15106
15104
15105
15100
31779
31773
31777
31776
53659
35904
35907
32013
54337
11114
36508
26425
32011
53654
21915
557
26591
53655
46190
33060
53513
32353
19759
19758
19755
19754
19753
19751
33691
13508
13509
13500
13501
13503
13505
13506
13507
53650
46524
33699
32014
32419
33500
26590
7809
32413
17150
17156
3714
17155
7221
10340
10347
10346
1236
53515
6248
31982
6244
6245
6246
53514
19296
14992
14990
14991
14996
14994
14998
14999
53751
13941
53518
13943
40218
20041
13944
40216
40217
40210
40211
40212
11120
11121
11123
11124
13946
11126
11127
20040
36297
46091
22052
22053
33311
8180
7764
7767
7761
7768
20049
19258
20048
54052
46256
46529
46526
46527
46520
46522
46523
26582
20357
26583
26271
46250
15042
46251
27589
59519
27582
32631
13870
10464
26678
2899
23003
23000
23004
23005
23008
1458
20329
22359
22358
22357
22350
22353
22352
10461
32929
32928
32923
32922
32921
32920
32924
13876
46512
27206
27207
27200
27201
27203
36359
19718
20209
20208
27420
4893
4891
4890
4897
4894
7317
46519
35845
35844
47028
2640
2642
2646
26989
3465
3464
33380
33382
33383
33385
26984
30663
26982
33577
16718
33574
14800
14801
33578
33014
30006
40868
5641
30000
30001
40584
40585
40586
40587
40580
40583
40588
40589
47057
47055
47052
47050
47058
30008
13
40664
54376
40666
54377
30669
18608
26498
14
25617
16771
16773
16774
16776
12068
12069
25618
12060
12061
12062
12063
12064
12067
53576
26491
26496
54372
26497
23548
46491
46493
46495
46496
40953
46497
1457
1451
19613
13338
13333
13332
13331
13330
13337
13336
13335
13334
46894
46895
46896
46897
46892
46893
46898
46899
22351
29710
29714
29715
29716
29717
11861
11860
11863
11865
11867
11866
11869
14818
54378
11476
54031
19850
1696
1695
1692
1698
1699
19851
29856
26783
11474
40951
33010
54033
26863
19852
26862
19853
11472
33701
19854
33065
53988
26787
11470
26784
11471
40950
33011
25357
22847
32936
2050
10909
16432
16430
16436
16435
16434
53269
53268
53261
53263
53262
53264
53267
22960
22961
3144
10627
3147
33448
22760
11972
11971
11970
11975
27464
27467
16935
27462
27463
15054
21812
40955
39958
14526
32888
32884
32885
32886
3944
32883
40917
32778
32779
32775
14948
22149
22144
22145
22147
22140
22142
23099
26024
1426
23093
23092
33572
27208
4
5026
4443
4445
36259
36258
36257
36256
36251
36253
36252
18601
20398
27202
40910
20393
20392
20391
20396
20394
33571
25875
25874
33029
18828
18829
33025
18827
18824
18825
18823
18820
18821
30598
7328
30597
30590
30592
7116
36352
18794
18444
18797
18790
36356
18440
36357
1380
30049
18442
30042
30043
30040
18443
30046
30047
40623
26893
40627
14748
46982
40509
13919
13918
33473
13912
13910
13917
13915
17366
33470
15136
11212
11213
6977
11214
11215
19049
19048
19045
19043
17369
46986
4898
7412
7410
7415
4896
16638
16634
16636
16633
54509
33737
7936
33736
7975
16989
16988
16983
16987
7973
12257
12256
33730
46919
46918
12251
12250
6614
11988
17093
10580
10584
10587
10589
54040
54041
54042
54043
17094
54046
54047
54048
54049
22669
20368
10846
20362
20366
20367
40196
30352
8347
30350
19525
19526
22434
22435
19527
22430
22432
22438
22439
19521
26324
26325
26326
26327
19522
26322
19523
26328
32574
32577
12099
3634
3635
33386
33387
22812
54339
21803
21808
21809
46465
26869
32634
40051
11022
46461
54322
23540
46344
46460
46345
46346
46340
35988
35980
35981
35984
35985
35986
35987
3390
3393
3392
30204
30205
30207
30200
30201
30202
30203
4237
30208
30209
17318
7774
25917
25915
25912
25913
25910
25918
25919
4232
23428
23424
23425
23427
23421
23422
11712
11711
11710
11715
11714
6130
53973
36753
54005
54001
20327
20325
14583
20323
17009
17008
17003
17002
17005
17004
36048
36045
36046
17006
36040
36041
18618
33278
33279
18611
18610
18613
18612
18614
18616
30191
7093
7091
40298
40299
7098
7099
20419
8100
8103
53805
54325
5640
5642
53806
11731
11397
11396
11394
11393
11398
27394
7871
12159
12154
12155
12156
12157
12151
12152
12153
26904
26905
26907
26900
26908
26909
1982
40556
54364
54367
197106
27423
26934
27424
27284
27285
27286
27287
27282
27283
27288
27289
27427
33317
33316
31978
33313
33312
33310
32308
25664
25667
25663
23546
26157
26156
26153
26159
27545
2048
14138
14139
18459
18458
33478
33479
14131
14132
14133
14134
14135
14137
53370
40524
53377
36535
36536
36537
36530
36531
36532
36533
36538
36539
25866
40578
20447
40907
20443
20442
39944
53490
33349
30012
20440
4385
27548
4039
40512
19418
19419
40510
19412
19413
19414
53491
25748
46784
25740
46230
21669
20448
46728
46729
6368
21661
6363
1506
6361
6360
6367
6366
21664
21841
21666
23151
21667
1509
14899
14898
14897
14895
14893
14891
14890
23157
1616
1617
1614
1615
1612
1613
1611
40319
40318
14273
14272
14271
14277
14276
14275
14274
14279
14278
16794
46786
29976
29977
29970
29972
29973
29978
29979
3582
3585
19798
3587
14263
36492
19353
19352
19355
19354
10985
10984
10987
10981
10982
36490
36497
46209
46208
46202
46204
46206
17299
17294
17297
17291
16856
11524
11525
11527
54032
11528
11529
27480
32693
16852
4922
26736
26735
26733
26732
26731
26730
14784
26738
20138
22809
36590
20130
20135
32806
32807
32802
32803
46116
39971
39970
39973
39977
19796
39978
32117
32114
32115
32113
32111
32118
3782
3783
3785
3789
40159
40158
40157
14079
17394
14075
14074
10550
14071
14070
14073
14072
29719
30514
30515
30516
30510
30511
19954
29712
23499
36160
14816
21679
19958
527
523
21678
23490
54259
18518
6508
6501
6500
6506
15143
15145
17270
17271
35874
35876
35871
19629
17274
19623
19622
19621
17275
19627
19625
19624
17278
4172
4179
46449
46448
46443
46442
46441
46440
46447
46444
33275
10725
53717
53716
13476
13477
13471
13473
8116
46993
46992
46995
22838
19345
46999
46998
18673
7310
11902
11903
11900
11901
11907
11904
11905
11908
54519
33125
6494
32813
2711
32812
18676
18675
26661
32810
18674
11015
11010
11011
11012
11013
26663
13990
26662
46801
393253
21586
26664
46969
21583
21582
26667
21889
21881
21882
21885
21886
21887
10823
22837
22725
13387
53308
53309
53302
53303
53300
32915
53304
53305
1827
13389
32910
32911
30359
18582
18585
18584
23138
23137
23134
23130
23131
20182
25996
25997
25994
25995
25992
25993
25990
25991
1409
32753
32754
22777
22776
22775
22773
22772
22771
22770
32755
31788
22779
22778
11288
31849
31848
31841
31840
31845
31844
31846
32639
31787
4563
4569
11643
54159
11646
54152
54150
54151
54156
40872
19213
40346
1406
33148
33149
33146
33147
33144
33145
33142
33143
33140
33141
30499
30498
30492
30494
30497
30496
7018
7019
7016
7017
7014
7015
7012
7013
7011
18690
18692
18695
18694
18696
18698
40474
40475
40476
40477
40479
14558
14559
14552
14550
14551
14556
14554
14555
13782
13781
13788
19128
19129
27630
19120
19123
19124
19125
19126
20446
40819
15200
15203
15202
20155
15209
2941
20154
16574
16575
16572
16573
16571
27199
19878
19872
19871
20159
40349
29878
54331
54498
1909
1906
1904
14963
14962
14960
14967
14965
14964
14969
20005
20004
20001
20008
46963
27183
27182
1277
53416
32993
53417
10908
10880
53415
53412
53413
53411
53418
53419
7272
22571
22570
22575
22574
26403
26402
26405
26404
16433
16431
46814
32389
19727
19725
16515
19720
19721
10553
19974
26584
26585
26720
26587
26722
46733
26723
26724
26725
26726
26727
22898
22899
53260
22892
22893
22890
22896
22897
22895
32533
53266
30121
30120
19417
3128
53472
22968
22969
25813
25810
25817
54637
20131
22962
23309
23308
23301
23300
23302
23305
23304
23306
2754
54645
36350
23029
36351
54632
46605
40444
20390
14521
53393
20397
11328
5112
5118
21919
11329
46604
33339
33338
33333
33332
33334
33337
33336
20298
36678
36097
40391
40390
40395
40397
40396
40399
46812
11347
36093
11209
46358
40535
40534
40536
40530
36092
40532
11208
40539
23148
32534
19892
23147
23145
11509
11506
11507
11504
11500
11520
29718
23143
11521
17236
46179
23142
46173
46172
46171
46170
46176
46175
23141
11523
46285
17211
53837
53838
53839
62956
62955
40030
10298
10294
10297
46828
46636
18468
18469
54284
54282
54139
54134
54130
20214
20213
20210
20211
54627
23543
23547
23545
23544
18462
2496
17235
18460
17338
54020
18549
32296
17272
32194
32192
32193
32190
26211
26217
54432
21979
21974
21976
21970
21971
21973
3700
3701
3707
4912
17330
36471
36473
36472
36475
36474
36476
53813
53811
53814
39967
33641
33640
33642
33644
33647
17279
7726
5647
7820
3943
32880
33668
33666
32529
32528
33660
15098
33074
15099
30316
15092
30312
17180
30310
17183
14269
17184
17185
32524
33079
46774
46798
7395
7397
7393
13448
5090
5097
4497
4492
32770
1462
32774
53746
53747
11094
18727
11090
11092
11093
18728
53445
29831
29832
29834
29836
4985
4986
35891
22525
53748
53749
19098
19099
19092
19093
11170
11177
11176
11174
1956
19548
14068
19542
19543
19540
19541
19546
19547
19545
13638
46328
46329
46322
46323
46320
46326
46324
46325
11779
11773
11772
11774
11777
11776
53382
53383
53380
53381
53386
53384
53385
53388
53389
53585
11429
11428
8097
11420
1483
11424
1480
11427
11426
1484
54332
17114
54333
17113
17112
17110
21758
30560
20057
20053
19927
22261
22260
22262
22265
22264
22267
22269
22268
32485
27370
27373
27374
27376
27377
32010
32015
32019
32018
22485
22484
22487
22486
22481
22480
22483
22489
22488
26397
26391
26390
26393
26392
11255
26022
26020
26027
26026
26029
26028
3512
14625
14626
14627
14620
14623
14628
30411
30410
30413
30415
30417
30416
30419
40743
40740
40746
40747
40744
40745
40748
40749
40639
36178
54421
1224
15288
15285
15281
1222
36803
46562
35939
35931
35933
35935
35937
40379
30418
15007
15006
15005
15003
15002
6531
19707
19701
19702
19703
40633
15008
19708
19709
13533
13535
13534
13537
13536
10466
40579
30517
17139
40631
40636
46656
40637
46653
46651
46654
46655
10469
54502
20080
10390
10392
10397
30513
54505
7212
6216
6210
54417
40881
40880
40882
40885
40886
40889
40888
54507
32466
29818
32467
32464
33760
32462
33024
17131
33021
33020
33023
1761
1766
1767
40227
40226
40221
40220
40222
40229
54224
54225
30591
21531
30593
21750
21532
40577
54221
18795
54222
18791
18793
15023
46588
17070
22810
22811
22817
22814
22527
17071
25669
36820
36821
36827
36825
26458
17073
40628
53628
27559
15304
23078
26652
14742
23072
23071
23076
14747
33274
25893
25892
25891
25890
25896
15301
53621
12259
22388
33270
22383
22384
22385
22032
11460
22034
22035
22036
31968
31969
31962
31963
31961
31966
31967
53624
4604
4600
4601
27235
27234
27237
27236
27233
151
157
156
159
53626
36365
32122
53452
53504
46313
36582
14077
36589
36588
18952
18953
18950
18951
18956
18954
13446
18958
18959
3495
3491
14180
14184
53501
30098
27258
30608
13867
13866
13860
5671
11211
11217
33506
33504
47008
19317
33502
47000
11218
47002
33503
6432
6431
33501
8117
35960
30096
19314
19046
10692
16743
16745
16747
16749
19939
19313
12057
12056
234
22315
10694
19311
27573
10696
27575
10746
10745
14848
11838
11839
11834
46343
26844
20293
20290
29721
29720
29723
29725
10453
29729
20217
40929
40922
40923
40920
40926
40927
40925
46506
30193
10451
46989
10457
22632
22633
22637
22635
26522
26520
26521
26526
26527
26524
30194
46500
26298
26299
46501
26290
26292
26294
26296
26297
32268
32267
7368
30595
36427
32340
7361
30652
53893
53896
7366
53894
53895
10554
11227
32348
10555
2709
2703
46508
33403
33400
22993
22992
22991
22990
30174
30175
30170
54586
17321
17322
7453
17323
17326
17327
26628
27455
27457
27456
27451
27453
27459
6221
16720
16727
54343
23228
16726
23223
23226
16981
23224
16980
21536
3916
3914
3912
3911
54340
26793
32706
32709
22174
22176
22171
22170
22172
6086
22178
30015
30314
30014
1482
5015
20090
46244
36288
30016
36283
36280
36281
33491
36285
36111
36130
36116
36134
36136
36139
21530
54441
54024
36117
54025
10564
54022
46916
54023
7169
7163
7165
33560
33561
33562
33563
33564
33565
33569
8079
30031
30030
30036
30035
30039
30038
8076
40677
40675
2003
13615
7725
13617
13610
13611
13612
14171
19017
19011
19012
11263
11262
11261
11267
11266
11264
11281
2567
11280
11283
6917
11061
54599
11060
11286
11065
11982
11067
11066
11980
11985
7909
16952
16953
16954
16955
16956
7902
7903
7905
12241
12244
12245
12246
12247
20139
6583
46946
46943
46949
10583
21802
26878
26879
6919
54079
54078
54071
4913
20315
19563
11604
19565
19567
11607
39940
32547
21926
32541
32540
11603
40901
30697
30696
40902
30695
32099
32098
32093
30693
32091
32097
32096
30692
22409
22408
22405
22406
22401
22403
22402
40012
2490
26319
26318
40013
26311
26310
26312
25758
25759
40904
25750
25751
25752
25753
25754
25755
3660
3663
21831
21833
21832
21836
40018
23354
3593
3592
3599
36730
36737
36734
18523
30239
30238
15179
15178
15177
15174
15173
15172
40821
46674
16934
2495
16931
16939
46677
12227
12225
4367
33726
47096
23415
23414
23417
23411
53955
12228
12229
33724
6641
33725
46332
7296
7297
10316
10317
54573
10818
6298
6297
6296
6295
33721
12086
4597
4598
46229
36074
36076
36071
36070
36073
36072
36079
11191
11192
11195
11194
11197
11196
11199
11198
33249
14349
14348
33604
33606
33601
19191
19193
19195
19194
19197
53912
40080
13776
13775
53862
13779
13778
5787
5783
12089
19227
19226
11438
19223
19222
19221
11433
11430
11437
11434
17101
17102
17103
22437
22433
16858
12165
12167
12166
12163
12162
10458
40552
21767
21766
21763
21769
63152
22530
26938
26935
26937
26936
26931
26933
46781
26689
26688
2828
1402
1401
1400
1405
1404
33409
7740
27585
46735
32578
698
30373
699
46734
16818
32979
22302
22303
22307
22304
46736
25659
40342
25655
25657
25656
25651
25650
25653
46730
13840
13843
32358
32354
32355
32356
32357
32350
32351
32352
53334
36728
26108
26100
26101
26102
33364
33362
32454
19982
33360
40413
4868
4869
14103
14105
14104
14107
33480
14109
14108
33489
33488
46937
36504
36506
36501
36500
36503
36502
30688
30682
40025
40024
40023
40022
40021
40020
46934
46933
53817
46932
36628
36629
36624
7128
36625
30377
36627
36621
47084
47085
47086
47082
47083
47088
47089
19425
19424
19427
19426
47029
21806
21807
46768
46769
10361
13369
13361
13362
13363
13364
13365
13366
13367
20179
46938
20178
7877
20174
22244
6312
6316
6315
6318
6319
25738
25739
25730
1647
1646
1641
1640
1643
1642
1649
1648
40344
29948
29944
29947
29946
29941
607
606
53675
23102
16811
23101
23100
609
23104
36495
26881
26883
26882
54229
10958
10959
10953
10950
5742
10957
10955
16461
16463
16464
16466
16467
16813
16728
46258
46259
22917
22916
22915
22914
22911
16724
46871
20450
20402
40348
20454
20455
20456
16815
26768
26769
26764
26766
26767
26760
26761
26763
53826
21630
21637
21636
46242
32839
3999
32830
32833
32832
27174
27175
27172
27171
36203
36200
36201
36204
13722
13724
13725
46844
46842
33072
33070
33076
33077
18859
18856
18855
18854
18851
18850
40181
40184
40187
40188
40189
46848
35991
555
552
14710
14712
14713
14716
14717
33698
33406
22767
30525
30524
30521
30520
30523
30522
13949
13940
13945
19784
19785
4261
19786
6576
36793
53754
36797
36798
36799
53979
19781
35847
35846
35841
35842
35849
13633
16660
16664
14643
16668
16669
14646
20162
14648
14198
46498
18541
18540
13449
13445
13444
13447
7985
10625
11979
11978
11973
53523
393428
35974
53678
53909
19945
19942
6461
20164
6462
14794
11025
11020
11023
11028
19825
25916
53996
53995
53993
53991
16795
16793
16791
53373
53371
16717
53376
53374
53379
20167
1810
1818
1819
30298
53778
46347
26739
25967
25966
25965
25964
25963
25961
25960
25969
25968
3810
3817
3815
23494
3819
23491
11168
23493
23492
21682
32808
11169
32809
32668
32669
55264
32664
32665
32666
32667
32660
32661
32662
32663
21688
6165
6167
22728
22727
22720
22721
22722
22723
31816
31817
31814
31815
31818
31819
15310
11003
6137
26757
4511
4514
21787
20219
8029
10942
53458
11007
15317
10242
16474
10240
10241
7045
7046
7040
7042
16478
33287
21781
33286
21535
22654
6989
6988
6983
22657
18672
54089
22650
22651
14696
14690
14699
22658
53528
40448
40441
40440
40443
40442
40445
26670
40447
14529
26540
26671
26542
26543
11349
19111
19110
19113
19112
19116
5704
5706
5707
5702
5703
2007
26674
22397
53529
18742
16585
1432
16581
16589
46243
19803
7829
7821
19528
54514
20052
1438
53689
33681
1439
1226
14058
32242
32243
10858
32468
32469
32460
32461
53688
22522
22523
22521
26459
26456
26454
26453
26451
32245
26184
26185
26180
26181
26182
36049
11300
40372
33277
30172
30171
33273
20435
40377
20433
20430
40375
20438
20439
4378
4373
4374
20143
20140
20141
23357
23355
23352
23350
23351
20147
23359
43967
20145
6645
6646
6647
6643
17127
46670
46671
46672
6394
6395
54547
6189
2727
40766
2726
14052
2723
2722
2721
7233
14220
14221
14222
14223
14224
14226
14229
33369
53713
36626
36620
36622
36623
16549
16548
11074
20386
6951
6954
20381
20382
20383
19844
53346
11688
11685
11687
11686
11681
11682
54218
14732
16798
16799
12085
12082
12083
12080
12081
10799
10794
10796
10790
21686
21687
21684
21685
21680
21681
10248
54105
54107
54106
54101
21946
53348
1705
54623
35859
11319
11318
19384
32164
32162
32169
32168
11317
26229
26228
26220
26223
26225
26226
21945
21947
21941
21940
21942
21948
54214
14736
4940
4943
14022
14023
14020
14021
14027
14024
11313
14325
11312
14327
14321
36424
36422
13700
14320
14798
14799
14323
33618
33619
14792
14796
40109
54489
17389
22344
30353
30356
30355
11219
22345
54007
53867
4195
36428
36426
53685
53684
36413
19679
53681
19670
10490
19674
19675
19677
23155
23286
18973
46418
14790
14791
46410
27161
46412
46413
46414
46415
46416
27160
11559
27163
6059
36412
20019
53888
18974
23296
36211
36210
23392
36215
29866
29867
29864
29865
36411
23292
23291
23396
40105
40106
18456
23245
54212
46742
23240
22758
32908
18454
8191
18558
18559
10857
10855
10859
14619
19532
19531
19530
19536
19535
19534
17324
19538
31998
14618
54098
40765
17325
46353
46352
46350
46355
46354
18555
11728
16865
16867
18551
16860
54600
54601
54606
54604
16861
14610
36719
23461
10428
22238
22236
22237
22235
22232
19247
32531
31899
32532
14455
33066
14454
19615
27349
27348
5774
27343
27342
27345
27344
27347
32535
33043
32537
14450
23050
33138
31953
33133
33132
27641
32906
31925
3562
3563
3561
3566
3565
3569
40739
40738
40733
701
40735
40734
17088
14615
14614
14611
14613
33022
30448
30449
30446
30447
30444
30445
30442
30443
31799
31791
31793
31792
31795
14459
40164
53777
14458
11806
40165
53776
22560
11805
33282
11804
32270
22568
53773
15258
15259
2015
15253
15250
15251
19739
16509
16507
16504
16501
16500
19881
4128
33684
22753
33680
46629
33683
46623
46622
46627
46531
46625
46624
46536
32422
46535
32423
13567
13564
13565
13562
13560
10660
32421
32426
32427
33499
32425
17166
17167
5078
5079
17162
17163
17161
7247
7246
54444
54447
54448
14930
14931
14932
14934
14935
14936
14937
14938
46684
36808
36809
13955
13954
40607
33098
10602
19678
46687
33094
32479
32390
40603
32391
32392
40600
22846
30082
27642
30081
22841
36859
36858
36851
36850
36856
36855
36854
27643
53989
36112
36113
22868
10609
22862
22861
22866
22865
22864
46419
46411
27569
27560
27563
27565
27564
46417
25840
25842
25843
25844
25845
25846
25847
25848
23315
22009
22008
22001
22000
22002
22004
22007
22006
31911
31916
31915
31919
46760
54188
54512
27281
46682
17128
109
102
103
100
101
106
104
10668
6056
36338
36339
36336
36334
36335
36332
30566
36330
54516
2637
21541
31929
17122
21540
18923
18921
18920
18927
18926
18924
30639
26998
30633
17123
30634
30637
32303
7143
32302
32300
21542
21545
54250
40568
40569
40561
14404
14401
14403
40567
13834
13837
13831
13832
13833
54252
13838
13839
30010
30013
17125
8058
47034
47036
47031
47030
11579
11578
11577
11576
11574
19389
54257
19380
19381
19383
17382
19385
19386
19387
15032
54410
54256
15033
26489
26488
25660
27008
26668
246
243
16716
16714
16715
16710
16711
26482
12008
12006
12007
12004
12005
12002
12000
26486
46486
46788
23013
32339
46878
10717
10713
10718
14874
14877
14876
14870
14879
14878
53638
53639
54189
25713
54184
54187
54186
54180
20267
20265
20264
20263
20262
33201
29775
29771
23510
23514
23515
23516
27609
46951
27601
14491
27606
27607
29868
33203
33202
22909
29863
53633
32334
33204
53630
22643
22642
22647
22646
22645
22644
26558
26554
26314
53637
32255
32254
32257
32256
32259
32258
32071
3751
3753
3754
32070
53635
32073
2046
13651
13652
13654
11448
13655
2738
46766
53570
32077
53573
32076
10636
27023
53572
10634
3134
22132
10633
10632
3136
10631
53575
3130
11949
11946
53577
11944
18450
11943
11941
5800
27361
30340
30345
19030
30346
30349
19031
19937
19300
17373
19301
23251
23257
23254
31767
19303
32133
22733
19023
32959
19305
6650
19306
23073
19307
46336
40581
5049
5048
33083
33082
33081
18888
33085
33084
18884
18885
18886
18887
18880
18882
18883
19225
46827
26569
36100
36105
36104
36107
36106
33558
18778
18779
18772
18773
25975
18771
18776
18777
18774
33556
46533
31952
26564
36347
36346
36345
36344
36340
46537
29709
11399
26563
44907
17339
46534
30658
13647
13645
13644
13641
13640
13649
20228
19029
46539
19229
46538
10561
7423
17057
54590
16692
16699
16698
47003
7961
7955
7951
12271
12273
10685
10525
26843
26849
11298
16977
17080
17082
53540
53542
46822
53547
53549
17335
54358
11586
32046
22906
25761
25763
22046
25765
25764
25767
25766
25769
25768
21866
21864
21863
3655
3651
3653
26072
26073
26074
26076
26078
26079
36114
14793
36749
36748
53948
53949
36743
36742
36740
36747
36746
36745
22907
26852
33719
26853
33710
33717
26850
33715
26851
26857
26854
17169
54118
18570
18578
15124
15126
15121
15129
46357
46356
36642
5634
46359
1379
16384
1378
36640
54114
11455
11456
11457
11724
40593
11725
40592
11722
40591
40590
31958
20472
40596
26168
40594
10320
10322
10325
10326
54631
6263
6261
11883
14797
17248
20337
20332
17078
17074
17076
17077
1733
1734
1736
40279
40272
40273
40270
40276
40277
40274
14319
14314
14317
14311
14312
14313
16388
7748
11611
54602
15300
54603
33320
19279
19275
19277
19270
19271
19272
19273
46098
46099
46097
11442
36660
46549
36661
46540
36669
11477
40508
23290
27028
27029
17243
15308
15309
1471
1474
15305
17242
32940
32943
32942
32946
32948
4314
25688
25682
25681
25686
25687
25684
22083
22082
32365
32367
32366
32361
32360
32363
32362
32369
29708
30676
30672
33714
186
188
26139
26138
3448
3447
3446
2025
6364
10659
53347
33616
14159
2824
14154
14155
14151
31986
30674
14485
14486
14487
4211
14481
14482
14488
14489
33615
11473
40075
40076
40077
40071
40072
40078
40079
4213
33612
30681
46574
16766
8
31987
16760
6448
23146
19479
19476
19477
19474
19472
19473
19471
36831
53907
40525
22528
40520
32506
25773
53827
17196
22526
40528
40042
13351
13352
13355
13354
13356
13359
11981
19431
46708
46709
21857
21856
1533
46446
1619
11849
11848
11847
11842
11841
22239
1678
1675
1676
1672
19771
29999
29992
29993
29990
29991
29997
29994
29995
46726
36733
46727
46724
300
302
306
46725
46722
27639
10922
10921
10927
16455
36754
22946
22947
22940
22941
22943
30244
46607
53740
31896
31897
46921
31892
46601
31893
36837
10370
62600
46923
27408
46603
27402
27403
27400
27401
27407
27405
46924
14828
46925
14829
14822
40711
38
26751
26750
33
32
31
30
37
35
20108
20109
27486
46846
22121
22124
22125
46845
18483
32759
46167
4466
7946
46841
36272
36271
36277
36275
27169
36180
36182
36185
36184
36187
36189
36188
18804
18806
18807
18800
18802
18803
18808
33009
33003
33002
33001
33005
33004
7138
7944
589
14721
14725
14727
14726
29707
25954
29706
25955
13971
13970
13972
13975
13974
13977
13976
13979
13978
23462
23464
30060
30063
30064
30065
30066
18504
7942
11232
11233
11235
33709
46298
16613
16612
16617
16615
13490
13491
13496
13497
46902
20340
20341
20344
20346
20347
19920
6174
13498
1359
1358
1351
1350
1356
1355
33454
46315
33455
53498
53499
53496
53497
15342
22452
22450
22451
22456
22454
53492
22458
33450
53493
26342
26343
26341
26347
26344
26345
26348
26349
33451
21572
32519
21576
33452
21577
22731
22730
22734
22738
22610
13393
32512
22617
11610
2906
26503
10722
36685
11582
40731
11583
40737
35855
3379
30263
30260
11880
30266
11588
30264
30268
11589
4249
14617
14616
48
49
46
47
44
45
42
43
41
46203
23199
23194
23196
23190
23191
23192
23193
25938
25934
25935
25936
25930
18799
25932
23442
23443
23441
23446
23447
23444
23445
16873
17293
32655
32654
32656
32650
16872
32658
6150
6152
6157
55095
22715
22717
22716
22711
22710
22713
22719
22718
16877
16876
31797
26924
26925
35850
54142
33463
36028
36022
36023
36020
36026
36027
36024
33219
33213
33210
33216
33214
33215
20220
33184
20227
35965
20229
7078
35851
14394
14395
14396
14397
14390
14392
14393
14398
14399
18639
16933
40415
40412
40410
30041
40418
23551
19836
19837
13728
13729
8173
19148
19149
19141
35968
12087
46715
20478
20479
19831
16719
7850
7856
7859
20470
16808
16809
16803
16801
16806
16807
16805
12138
20474
12133
12130
12131
12134
21732
21733
21730
21734
21735
26962
26963
26960
26961
26966
26967
11976
26969
1968
1965
20065
20064
20067
20066
20062
32879
32878
19913
53404
53401
53400
32497
32494
32493
32490
32499
32498
35967
2763
2762
11452
35962
35963
35961
25602
25603
25606
25604
32219
19738
1408
11112
16408
16409
54756
16503
16502
19733
19732
21792
11117
14211
6998
6999
27422
36550
36551
36557
36555
11116
11809
6994
14210
6997
18550
18433
18434
30189
46127
59
57
52
19917
19883
7268
19880
19886
19885
1422
22972
1425
19916
1424
27425
1427
1429
6341
6343
6347
6349
6348
54108
33696
32625
21909
33697
20310
33694
46620
33695
14213
14212
14215
14217
14216
33692
36614
36617
36616
36611
36613
36612
36619
36618
33693
33690
29912
29913
29916
29917
29914
29915
40339
40338
19339
32800
32801
13880
13883
13882
13889
13888
46199
46191
19168
46193
46192
46197
15081
1
55002
11659
11652
11653
11650
11656
11655
19571
19862
15088
27489
53825
53797
36461
53793
53823
53799
53822
14342
1407
32863
32861
32867
19617
32868
32869
6502
20177
32286
32287
32284
7244
40363
32280
7243
39957
39956
39953
39950
46685
32138
32139
32134
32136
32137
32130
32131
32132
54445
23500
26276
26277
26275
26272
2145
2143
2142
2140
4977
4970
2149
11832
14053
14051
14057
14056
3140
26660
30572
30573
30576
3142
30579
40130
40133
40135
40134
40137
40136
40139
62
63
64
67
68
69
29958
40689
509
40687
40686
40685
40684
40683
40682
40681
6522
6524
6527
6528
3146
16820
7839
19834
16823
19833
19830
16827
16828
14203
7837
32898
32672
53974
12115
4150
26463
19040
30309
30308
15089
19641
19640
19643
19647
19646
19649
19648
30307
30301
30300
13412
13413
13410
13411
13416
13417
13414
13415
13418
17195
17194
17193
17192
46420
46423
46425
17191
46427
46426
46429
46428
17190
32674
32757
6061
54815
33492
46696
32736
46697
7377
11928
54539
11922
11923
11924
11925
11927
46690
46691
36684
32734
32043
32761
32760
32763
29897
29895
29894
29892
29891
29890
29899
29898
32766
12098
33493
11308
32733
40336
22154
11309
11078
4997
16790
35884
33494
8092
26940
26941
26942
26943
26666
11144
26946
26947
11140
11141
21752
10809
10806
10801
1843
1842
32405
53320
53322
53323
53324
53325
53326
53327
53328
11668
54675
46887
2576
2575
26898
1498
20426
11223
54324
23115
23116
11222
23111
23112
54326
23118
20047
20046
20423
22795
22794
22796
22791
22790
31864
17121
4549
4543
4542
4544
4547
4546
27316
27317
27314
27313
27311
27318
40330
53410
32530
23281
33165
33166
33167
33160
33161
33163
33168
33292
33293
33298
33299
62807
771
773
73
72
71
46610
40498
40499
40496
40497
40494
23287
40492
40493
14570
14578
14579
40845
40844
40846
40841
40840
39988
5758
39989
15197
15196
15191
15190
15193
15199
15198
39986
39987
15221
15220
15227
15229
16554
16555
16557
16552
16553
16558
16559
1239
16880
16887
19858
19859
16888
16889
16840
18560
15038
21844
13596
13592
18565
54475
15036
54471
54470
54473
54472
18564
15035
53669
10488
10489
10480
10487
14909
14901
14900
14902
14905
14907
14906
20151
1789
1782
1785
40825
40824
40829
40828
32475
18834
40697
20150
18832
54650
21846
17199
30586
1254
30588
22559
22557
22556
22554
22553
22552
22551
17197
26429
26428
26427
26423
32417
32416
32415
20153
32412
32411
32410
31940
35877
14446
17091
26581
31942
11730
17096
31943
2648
33584
33399
33585
23041
33582
33583
14567
33581
33398
22538
33397
26954
40153
32263
14564
26449
26448
32264
26445
40151
33394
30109
30107
30105
30104
30102
30101
30100
27536
27537
27534
27532
27533
14561
40650
26953
40156
33391
23098
23090
21842
23095
23094
23097
23096
40155
33390
25625
25870
25873
25877
25876
23326
23325
23323
23322
23320
40154
23329
23328
32996
32997
32994
32992
53767
32998
32999
6612
5088
1464
6618
1467
1466
1461
19912
32384
40057
22054
22050
22051
22248
22058
22059
23209
40054
32262
21616
21632
32382
40055
46120
22958
53686
26193
46122
32310
131
135
138
17359
46124
53682
40718
12022
46125
36699
36695
36696
36691
36690
36693
36692
46126
88
89
83
80
81
87
84
85
32311
14291
14290
14293
14292
14294
14297
14299
14298
33318
30664
30668
40717
17357
13472
31985
12028
17356
40519
40518
14437
14436
13478
40612
14439
14438
13479
22954
7127
32312
40710
13698
31989
27631
13809
13804
13807
13806
13803
40712
33515
33514
33517
32124
53725
46370
46111
46115
46114
46119
46118
54423
19079
22086
19955
19957
19956
19951
19950
22364
22361
10727
10721
53710
10723
21553
30179
27562
53508
21585
21587
11171
21581
21580
13385
13380
2939
2933
11898
11899
11894
11895
11897
11890
11891
2041
11893
20186
20187
20185
17111
20183
20188
20189
46991
20238
20239
46990
20234
20235
20236
20230
20231
20233
29787
29786
29785
29784
29782
29781
29780
21634
29789
23521
23520
23522
23525
23527
23526
23529
46996
27632
27637
27251
27187
27186
27185
27184
21551
32208
22691
22692
22693
22696
22697
32542
46245
3761
3762
3763
3764
3768
3769
21910
21914
32376
32377
7314
32307
53830
33432
53834
36456
36454
36453
33430
36451
36450
33431
33436
33437
32305
33434
46389
32216
33438
20042
46380
46381
8008
8009
53607
46385
46386
46387
46247
30164
33667
33665
33664
33663
30167
33661
15090
15094
15095
15096
15097
11726
54524
54243
53604
17333
54523
17018
53603
35892
35890
7925
35896
35897
35894
35895
7922
35898
35899
46910
7923
17019
53602
25601
54521
10647
54246
54247
53600
54245
32394
30564
18441
13549
2641
54249
25609
25760
53609
46109
27031
53608
27030
17014
33395
98
91
90
92
97
36157
36152
36153
36150
36151
36159
18702
18701
18704
18709
18708
33509
46964
46967
46960
46961
29817
29816
29815
29811
32397
33211
7181
7183
8018
8015
8012
8011
8010
7459
2033
2031
10884
10886
10887
10882
10883
54511
53568
13605
53569
32062
54363
13618
13619
33550
11018
11019
11757
11754
11753
32061
11759
16392
16393
16390
16391
16396
16394
19569
16399
32066
33552
53562
54580
32067
11995
46309
46515
54481
36080
54482
16938
12222
12223
12220
12221
2274
53567
2276
26551
46514
26818
26819
26817
26814
26815
26812
26813
26810
46503
19231
16387
19035
11761
27178
53440
19579
19578
17030
17031
17032
46599
17035
17036
17037
30222
17038
54515
22249
17039
22247
22245
22243
22241
25736
25737
25735
27399
27396
27390
27391
53447
20374
32078
32075
53446
11383
40000
40003
40002
40005
40004
19119
10867
40008
3688
3681
3680
3685
26049
26041
26040
26043
26042
26047
26046
3538
46317
46316
36790
36791
36794
36795
36796
11388
14644
14645
18544
18543
18542
19118
30439
30437
30436
30435
30434
30432
26552
16943
54369
16746
46510
40768
40760
40762
40763
40764
40767
36085
30293
30292
30291
30290
15119
15118
15117
15116
15111
15110
15113
15112
46528
54518
31748
31749
31746
31747
31744
31745
35917
35916
35915
35914
35913
35912
35910
35918
2538
16925
16924
19576
16927
2539
16926
10430
16921
16920
16923
19575
16922
54240
23532
19574
19762
12231
19768
19769
19572
21662
10434
13518
13517
13516
13515
13513
13512
13511
13510
10437
12238
32175
15343
10578
19570
2533
15349
23537
46678
6182
6181
10821
7234
7235
10379
10377
10372
7238
10563
6239
6231
53519
14981
14983
14982
14985
14987
14989
2535
813
36674
1701
1706
36673
40203
40202
40200
40205
10571
40209
40208
11135
11134
11133
11131
11130
14329
14328
11138
32560
32565
25871
54244
30636
19244
19248
54321
40327
46563
53307
2532
22831
22834
22835
36801
36805
36807
54327
1828
26152
23177
26993
26992
26991
26990
26997
26995
26994
19564
2827
54416
54006
40562
26334
23011
23010
23019
23018
40565
16985
14409
19882
31941
31949
393545
54248
32918
32919
27217
36348
36341
19884
17403
4888
4889
4880
4882
4883
4884
4885
4886
4887
18996
14236
18994
18995
3475
3477
3472
18971
18972
14230
3479
18976
11997
40049
40048
40044
40047
40041
40040
40043
33378
14239
7270
40599
5658
5656
5655
5653
5650
5651
36780
47069
47063
47061
47066
47067
47064
47065
36633
6419
36632
6416
6410
36630
36637
36718
19480
11629
11892
217
210
16767
47032
16763
12079
12077
12076
12075
12074
12073
12072
21817
21816
47039
46773
21814
21811
46779
46778
20146
20144
20148
14827
14824
14825
20101
29705
29704
29702
29700
11817
11810
11811
11812
11819
6334
2730
6336
22618
22619
22612
22613
22615
26508
26500
26502
26504
26507
27385
27384
27387
46123
27383
27382
20476
53656
21990
21991
21996
21994
21998
2769
2768
16406
16407
16405
16402
16403
19969
4262
29713
19966
54268
19967
22979
22978
54269
22977
22976
22970
22973
16713
19963
54262
13688
54263
33745
33747
3061
27473
27472
27471
27477
27476
27479
27478
30210
14527
54596
23204
23205
23206
23207
23208
22519
32893
32891
32890
32897
3935
32899
3931
3930
3933
3932
32768
22153
22151
22150
22157
22156
22155
22159
21605
22511
5032
5033
4436
19284
39984
39981
39982
35996
35995
35994
14524
18839
18838
18837
18831
18830
18833
30583
26260
30587
30589
7105
7106
3380
18789
18788
33588
33589
33586
18781
18787
18786
18784
30059
30058
30051
30050
30053
30055
30054
30057
30056
40656
40653
14776
14774
14772
14773
14771
21869
46876
46712
46875
40150
13928
13926
13927
13924
13922
13923
13694
13695
13690
13691
13692
11200
11205
11204
11207
19072
19073
19070
19071
19076
19078
4212
53726
53727
53720
53721
53728
53729
14715
36788
31842
19697
7723
19692
19693
19690
14871
46388
10343
7926
46617
19642
46306
46968
46507
11999
11994
53586
53581
53582
53588
23284
54056
54055
54054
4565
54051
54050
54059
20379
20371
20370
20373
7407
20377
20376
46850
32562
32566
46851
53500
46852
22429
22421
22426
22425
26338
3856
26333
26336
26335
20269
3601
3607
62917
46855
46856
36710
36711
36715
36716
36717
21815
21818
16785
30227
29778
16784
29779
16787
29776
16786
16781
29772
16782
3851
33748
33749
33741
33742
33743
12090
30219
23513
30213
30212
30211
30217
30216
16586
30221
35999
3388
3389
53503
16582
30305
46956
54450
18548
25905
25904
25907
25901
25902
25909
23433
23432
23431
23430
23435
23434
21690
31751
46662
30303
6109
6106
6105
6103
6102
30302
23042
7958
15299
10934
10935
10936
53449
53448
10930
53435
36053
36051
36050
36057
36055
36054
36059
10933
33261
33260
18668
18669
33265
18664
18666
18660
18661
18662
18663
10255
10254
35921
21525
21524
40289
40288
40281
40287
40285
40284
33420
8119
6922
33422
46591
22649
22648
22641
13718
22640
33426
11410
26553
26550
26557
26555
33706
26483
12142
12141
12147
12145
10439
21747
26918
26913
26911
26910
26917
26916
26915
3595
33703
19337
22328
22320
22321
22322
22323
22324
22325
22326
25679
25678
25673
25672
25671
25670
25677
25676
19778
27298
27292
27291
27297
27296
27294
32332
32333
32331
22588
22589
22584
22587
22580
16868
5
46542
54945
16869
26160
26161
26166
26167
26164
13527
13783
35953
33469
14128
14126
14124
14123
46543
36058
54567
36529
36523
5731
36521
36520
36527
5730
5733
33266
11310
32848
32849
46668
16862
14575
19964
20427
19121
16863
6493
19965
20422
20428
8161
40123
4390
4393
19801
14576
19961
35854
19800
54565
1959
19409
19407
19404
19403
8164
299
297
295
292
293
290
291
21755
6192
40295
46666
6198
40296
6379
46661
6372
6373
6377
26651
2737
2732
40290
20093
20096
20097
17361
1623
1621
1620
1625
1629
1628
26654
35858
40293
29969
29968
40368
40369
29963
26655
29960
29967
29966
29965
29964
13704
14244
14245
14242
14243
14241
14248
40850
26657
11109
40286
19788
22938
16578
16577
54409
19782
19783
32945
40851
54403
11102
54232
32944
54406
372
377
19366
19367
19362
19360
26490
19368
19369
10970
10974
10975
10978
6921
11101
16489
16483
16480
16481
54231
46278
46279
33308
46277
46271
46272
46273
17288
11623
11622
57062
53294
53295
53291
14200
53293
53298
20461
20460
19877
19874
46870
18602
46154
33073
26255
18606
40843
32819
32818
22804
53667
36229
32105
32104
32107
32101
32103
32102
32109
29792
17368
36488
36484
36486
36487
36480
36481
33058
33059
33050
33051
33052
33053
33054
33055
40010
14081
14082
14083
14085
14089
54097
13711
13710
13713
54497
13712
14032
13717
13716
54492
54491
30503
30505
11108
11100
539
11106
6519
6510
6517
15093
53975
40016
35861
35865
35869
35868
16648
19618
19619
16640
16641
16642
16643
16644
16645
16646
53854
53850
46479
32781
11414
53970
11417
36430
32780
36433
36432
33281
33608
14789
13463
13462
13461
13460
13464
14787
14785
14783
33603
32784
54154
7301
7306
11911
11915
11914
11916
11919
11918
36266
30550
30551
36260
30556
30557
36268
36269
40118
46797
23256
46796
23255
29838
40317
393226
393225
393224
393220
20160
54500
30614
46799
21899
21898
21897
21896
21895
21894
21893
21892
21891
21890
53480
10839
46694
53318
53311
53310
53313
20166
53317
46692
1838
46693
40802
40805
40804
40807
12148
23129
23125
23124
23127
23126
23121
23122
25989
25988
25985
25984
25987
25981
25980
53629
32604
32605
46953
22299
22294
22295
22296
22297
22290
22293
53622
46952
40533
21742
31838
21745
31835
31836
18876
31830
31832
21749
21748
4574
4576
3
33159
33158
33155
33154
33156
33151
33153
33152
7024
7029
30718
30712
30710
30714
7799
7792
7795
7796
26914
40466
40461
40460
53361
40469
40468
27337
30384
14549
14541
14540
14543
14545
14547
14546
30387
13799
13798
11323
11327
11324
5728
22577
19139
19138
5723
5726
5725
22579
22578
11490
11491
11492
11493
11495
26401
36853
26864
30383
26407
16567
16563
40619
7805
19865
19866
4133
1421
25945
1420
1423
1932
17175
14175
17174
14954
14955
14952
14950
54318
14958
20038
20030
20031
20036
20037
17178
20436
1204
1207
1206
1201
1202
36819
36816
22504
22502
26476
26470
26471
26472
32448
33088
17172
32386
32385
19664
32383
23481
32380
20452
26466
11884
22883
22885
22886
30159
6556
15063
3118
3112
3110
15069
15068
25824
25825
25823
25828
25829
32783
23378
23379
23374
23375
23376
23370
23371
23372
13626
15080
14633
25674
32846
11719
5109
5107
5104
5105
25884
25885
25886
25887
17188
36394
36390
36392
25881
33348
33345
25883
33342
31837
54647
36649
36645
2629
26896
19695
54642
33537
26892
26890
8043
32330
32787
8046
26891
8047
5683
11515
11517
11516
11512
23077
30610
54648
22944
32786
46148
46149
46144
46145
46142
46143
46140
46141
10689
26330
10261
14572
10266
14573
26786
26789
54294
54297
54291
46803
54120
54127
54126
54125
54124
14577
20205
20204
20206
20203
20202
26897
21608
26169
29871
29873
26163
31877
26165
40063
32393
23390
23391
53690
23394
32185
32184
32187
23395
32181
32180
32182
32395
23398
26205
26202
26201
26200
26209
40067
53692
21963
21962
21961
21967
21965
12052
3737
3736
3734
3731
12160
30122
40065
14009
14001
14003
14005
14006
36404
36405
36406
36407
36400
36401
36402
36408
31955
15235
31954
53807
31951
17348
31950
4577
4307
4306
17349
53977
10607
10604
40707
17347
46679
33632
33638
6591
6594
6596
6597
6598
17345
54548
18464
18465
19024
17343
14120
7133
19021
19020
40606
17344
32452
17224
46398
36528
32457
17221
36525
32456
36524
54099
7382
7381
7386
7384
7385
27226
27227
17223
27221
54096
27229
46391
145
40548
25816
25814
11089
11088
32554
11080
11086
40640
11709
15011
29844
29846
29847
29841
29842
29843
29848
29849
36377
15013
54313
17025
21568
19083
19082
19081
19080
19087
19085
17022
26870
19551
19550
19552
19557
19556
15019
40152
13628
53718
46339
30546
53391
15354
53392
53395
53394
7956
53398
32313
15353
32314
53610
30543
10545
10544
10547
54629
53613
16967
6491
12278
53712
6492
6498
13581
53616
1519
53557
53556
54279
36594
32055
53554
53559
32688
32689
22214
22215
22216
22210
22211
22213
22218
22219
19507
53555
19502
27365
27364
27363
27362
54273
54272
32028
32029
53551
54270
46509
26014
26012
26010
26019
36264
3508
1998
30087
18577
3502
3503
3505
26841
26840
53719
32058
14632
14631
14637
14636
14635
14634
30465
30462
53962
40630
46922
40752
40754
721
46367
46363
30531
46361
15271
15272
15275
15277
15278
14193
35944
35946
35941
19719
46676
19713
19710
19717
54463
6651
13546
13547
13541
11734
11737
7888
36056
11736
7883
7882
11733
11732
14440
11739
11738
46643
14443
46644
46646
10386
10384
10381
31881
7269
6200
54428
6209
32527
19406
32525
17062
32523
17061
32522
54399
17060
19401
54390
19400
54395
17065
17064
40634
17068
40061
19750
1757
1751
11164
11165
1289
53453
53450
26549
40635
13871
13873
13875
53456
13877
53457
3494
53454
47045
36300
36677
36675
22801
22800
22802
22807
22806
36671
36830
36832
2698
2695
22752
36679
27542
27549
11370
10
12
26636
26637
26635
17
26630
26631
10423
16
26638
26639
10421
18
19562
46606
22399
22391
22390
22395
22396
22027
22025
22024
31979
26461
31970
31973
31974
31977
31976
19936
26460
46853
26467
10425
23509
36317
36312
166
167
160
161
19839
53687
32592
32593
32590
46854
26308
32596
32597
32594
25868
30620
25869
18940
18943
18945
18944
18947
18949
18948
16992
53357
40098
33575
40091
40096
40097
40094
40095
40541
40545
40547
30232
40549
14469
14462
14460
14466
14467
14464
14465
30615
30618
13853
13859
19922
16754
16755
40564
47013
47012
47010
47016
47015
47019
47018
6421
6423
6428
16737
16733
25878
6254
16738
16739
12024
12025
12027
12020
25762
46859
11708
53742
53743
10770
53744
10779
54335
14852
14851
14850
11829
11825
11826
11820
11823
23172
23173
16479
23170
1527
21648
23175
20285
20284
20287
20286
29754
29755
29756
23179
29750
29752
29753
29758
29759
40939
40938
40931
40930
40935
40937
3659
54073
30606
22225
54072
22221
26075
22621
22620
22625
22624
26532
26534
26536
54076
40360
40361
19245
40362
26287
26286
26284
26283
26282
26280
36631
32278
53881
53880
53882
53885
53887
53886
53889
19240
11986
33026
17406
19242
33301
14430
17402
33302
11984
46600
31888
33304
4258
31887
53769
31883
31882
53761
62889
53763
53765
30365
30364
30363
30362
30361
30360
11808
32507
11501
14831
14830
14833
11634
54230
23239
23238
20119
20118
3904
3900
3901
3902
23274
11637
33224
19840
32739
11631
21683
25799
14354
23270
25794
11633
36298
36291
36293
36295
36294
36296
36127
36120
36128
46178
688
21689
19841
2724
22626
14847
7155
7153
7152
7151
18751
18752
18753
18754
18755
18756
18757
18758
30007
29819
8060
30009
40661
40662
40913
40669
14841
40912
40911
14842
23477
23476
23475
23474
23473
36082
23472
18574
36083
36086
18571
18573
46284
46287
11252
11250
11251
19009
19008
19002
19007
19005
32253
40667
11784
11787
11783
11788
17214
22561
17215
17216
22503
17218
17219
16947
16946
16941
16940
12253
17090
17097
17099
46312
46957
46950
46958
46311
46310
26867
26866
22509
19364
26860
32640
1428
30397
4250
35879
53489
53485
53484
53487
10290
53483
53482
21567
21565
46983
25747
21563
25745
25744
25743
25742
25741
21848
21561
21560
21843
3671
3676
3677
26098
26096
26097
26094
26095
26092
26093
26091
36721
36720
36723
36725
36724
36727
36726
36729
53928
53922
53920
53927
53924
53796
21859
21521
18515
15142
15140
15141
15147
2911
15148
15149
11595
11596
11591
715
714
40700
21673
22420
54280
30393
46276
16854
17281
17280
17286
17285
36713
36360
10309
10302
6289
6286
11620
54626
14597
14590
14591
20216
18657
18656
18659
18658
14378
14379
14372
14373
14371
14376
14374
13408
40252
40254
40256
40257
40259
53292
30108
33570
19212
19210
19211
19216
19217
19214
19215
13746
13747
13745
13742
13743
13740
13748
35872
5777
19895
17117
17119
17118
36364
20469
20463
20465
20464
46569
19893
30318
4182
1411
1412
1413
1414
1415
1416
1417
40905
6199
32969
22311
22310
7968
22314
30313
27240
27242
27244
27245
27246
27247
27248
27249
18978
2771
30311
16415
33227
33226
33225
26113
26117
26116
26114
33223
27583
33221
3423
3422
3421
3425
3424
14174
18495
14170
14172
18498
30698
30694
40019
33433
18975
47099
47092
47091
47097
47095
47094
26709
26702
32585
26700
26701
26707
21737
32199
36667
19455
19457
19451
19452
19453
19458
7939
19983
19980
19986
19987
19984
19985
19988
13378
13377
13376
13375
13373
13372
13371
13370
46664
46763
46761
46765
6325
6329
53967
21651
21798
21799
23288
33651
21790
21791
1652
1650
1651
1657
1655
40354
40357
40351
40353
21794
40358
21795
21796
21797
23282
3709
16851
17168
4917
33631
6912
10949
10941
10940
10945
10944
10947
16477
16473
26697
54457
46249
46248
22922
22920
22921
22925
22928
16810
21655
27428
27429
16986
16817
36478
16918
16919
26773
26772
26777
26775
26779
26778
16915
19914
22102
22103
22104
22107
22109
8158
16910
8159
46706
16912
27164
27167
27166
19814
7254
53709
7256
36213
36212
36217
36219
7251
7253
7258
39939
39938
36221
39937
39936
20105
36223
36224
36226
18862
18863
18860
18866
18867
18864
18865
33069
21573
40195
40194
40193
40192
40199
4966
19856
560
567
14707
14706
14705
14704
14703
14702
14701
14700
33689
32854
13957
13953
13951
7741
30089
30086
30084
26468
30083
30080
32851
6547
6541
32083
19827
32850
16833
26794
16832
19829
14922
16670
16673
16675
16674
16677
16676
16679
16678
32751
40952
20100
30156
53644
46489
46488
6580
32691
25879
30153
11945
11942
40954
36489
11072
32694
36482
46681
46680
46683
11071
40857
32719
54084
54086
54087
54083
54088
40855
32794
53968
22166
40852
32795
53396
40853
19857
22518
22478
22479
22470
22472
22474
22475
22477
26368
26369
26360
26363
26364
26367
32539
53969
26959
26958
32793
40166
40167
53297
26955
40163
40160
32864
32054
53344
53345
53342
53343
53340
53341
46092
46093
3081
33475
26452
17234
2544
30249
30242
30243
30245
30246
30247
11441
11440
11446
25952
25953
25950
3826
3824
3820
23468
46548
3828
53964
54357
32671
32670
32677
32676
20077
32679
46547
22737
22739
20079
17133
31805
17132
31801
31800
31803
17135
31809
17134
19302
30502
30501
30504
33189
33182
33186
33187
36001
36002
36003
36009
53844
7058
7050
7054
7055
33231
33232
33233
33234
33237
33238
33239
8149
8148
40787
40784
40785
40780
40781
40789
53842
32335
40434
40435
40437
40430
40431
40432
14517
14514
14515
14512
14513
14511
14518
14519
43204
19165
11359
11358
19160
19162
11353
11352
11351
11350
11357
11355
11354
22932
46785
19292
19290
19291
19294
19298
20098
20099
46780
7838
16822
16825
16826
7830
7832
7835
12110
12111
12112
12113
12114
12116
12117
12118
12119
46783
15029
15028
53915
21710
21711
21712
21713
21714
21717
21718
21719
46698
46699
15021
30666
26948
26949
15027
32072
15026
1491
1494
32480
32481
32482
32484
32486
32487
40849
40848
20261
32478
32477
32470
32472
33722
22535
22534
22537
26447
26446
26440
26443
26442
25628
25629
25622
25623
25624
25626
25627
29800
35863
26199
46825
35862
26192
26190
26197
26195
35867
35866
46826
33271
30297
36579
19616
19612
46823
16647
30169
30165
30163
21845
32205
30023
20175
30394
26659
15072
30395
30392
27468
30390
23345
23344
23347
23346
23341
23340
23342
23349
23028
30391
46476
15073
32203
46475
46470
53530
46471
23023
23024
23025
23026
16916
23027
22378
22373
27460
22375
22374
30398
14237
24
14235
14233
25
14238
27
19036
36635
36639
40381
33713
20401
29938
29930
29933
29935
54483
20406
20405
40386
53824
13689
20170
18725
18724
11273
19034
13466
13683
31991
18720
11278
18722
11279
19318
18632
11672
11675
11676
11678
32949
16788
12094
12097
12096
10782
10786
10784
10788
46121
21694
16913
21693
21698
27516
16706
10259
33613
21523
21527
32840
13635
27268
22188
22189
27269
22180
22181
22182
22183
22184
22186
22187
27262
22088
25852
27261
27266
27264
32158
32159
32152
32153
32150
32151
32154
54525
26258
26259
26254
26250
26251
26252
54581
18647
4954
14033
14034
14037
14039
14038
54501
33423
53857
36434
36437
36436
36431
26985
33609
26462
33429
33428
46399
40116
40115
40114
40111
30190
46394
46390
30195
17302
30196
26981
17306
17307
17305
17309
26983
10654
10653
4130
4136
54646
18642
19094
19669
19667
19666
7914
19663
19096
19661
13438
13439
13431
13432
13433
13434
13435
13437
2037
46409
46406
46405
46404
46403
46402
46401
26131
26133
7350
7352
7355
7354
7359
54407
14589
1999
29875
29877
29876
29870
18478
13614
21638
46977
22875
11050
11051
11052
11054
11055
11057
11059
46979
54012
40255
21633
31885
39990
7430
13636
13637
13634
13630
13631
19506
19504
19503
13639
4015
31880
46365
46368
46369
11006
11004
54619
54612
54615
17398
12048
3360
17370
11062
32016
23463
17375
17116
17374
1528
23465
22229
22228
11770
17024
54061
17021
17237
17020
54015
17029
25795
17028
25792
36779
27338
27334
27335
27336
27331
27332
27333
46395
36088
36089
36081
393227
54014
40073
33100
33101
33106
13613
46331
3557
3555
3554
32561
16757
30454
30457
30450
30453
30452
14598
14599
14594
32567
30188
54537
5779
5778
15249
15248
15240
15243
15244
35977
35976
35971
35970
35973
35979
35978
16533
16530
16536
16537
16535
16538
16539
32206
12199
12190
12196
12197
1311
53708
46619
15357
53606
13578
15356
13575
13577
13576
13573
13572
22346
54459
54458
10835
53704
10837
15345
32201
15358
53705
15346
7257
7250
10838
22343
10551
14926
14925
14923
10558
14921
14929
14928
40303
32040
32041
11155
11154
11151
10598
11153
13401
32552
32551
13400
54261
22226
23294
30691
30690
53544
3361
13409
33075
20115
36863
36860
36861
22858
22856
22854
22855
22852
22853
22850
22851
53465
54384
32160
18506
27519
27514
27515
27510
27511
27513
53462
4057
4052
25857
25856
25855
25854
25853
25850
4050
25858
10655
40572
40575
53946
19018
40576
15352
36310
22079
22074
22076
22077
22070
22071
22072
31927
31924
31922
31923
31920
31921
31928
11613
114
116
111
112
36329
36328
36325
36324
36327
36326
36321
36323
36322
13828
54468
23484
13821
26539
18980
32086
18918
18917
18914
18915
18912
18913
18910
18911
30649
30644
30646
30647
30640
30641
30642
30643
32088
14413
14412
14411
14417
14416
14415
14414
14419
14418
14207
13823
13822
13827
13825
5638
3481
5635
26465
