3741
37302
37387
37438
327787
1228
7020
27598
37417
37411
37412
37413
36943
33762
33766
37007
37599
37627
37621
33768
33769
30073
37368
37352
11125
36994
37028
37634
37070
6351
37652
37511
37515
37519
37650
36919
37231
20011
36897
36895
327851
327850
2905
37335
37334
37333
25726
37428
327745
16416
32714
13854
37353
17148
37259
19232
37488
37663
37640
19832
327832
327835
327703
5713
36968
37157
327767
19136
22750
23058
18931
37160
37168
37363
37311
37317
37316
10474
6529
10331
37624
37628
24788
37474
37479
37595
37596
37656
37589
37459
37457
37118
36875
8094
30996
327698
37068
37060
12258
327751
36910
36931
36937
36871
10262
327839
37159
37150
37153
37357
14331
37482
37186
11744
37180
28698
22355
1231
36883
37402
37658
14115
37394
37310
37484
37618
16637
12091
37403
36983
36985
37055
37053
10540
37271
29975
37078
37079
37074
37072
327754
37564
37561
37691
4178
17312
37312
11645
22572
327849
327840
327841
36889
61092
7390
7972
37293
10393
1230
1232
7971
22386
327749
37239
37668
37167
36916
26106
2018
11569
36982
11845
36953
36951
37236
37238
6187
6180
7231
19847
10798
36874
9129
37379
33790
327813
327811
327817
327777
327772
36898
37175
37179
37275
37276
37277
1229
37439
36944
37130
37138
26754
327733
37630
37639
32653
6560
327688
327683
37667
37666
37315
16800
21739
37700
37701
327726
37704
37399
29918
37501
6089
6083
10803
26422
327822
327826
327824
327825
327812
37699
37121
7460
10898
327685
327737
10575
37172
3067
3068
36877
37049
37653
37291
5734
37525
33784
37389
327715
37356
4571
32437
37253
37251
37254
18775
37116
37266
327701
327794
327790
327791
25818
327693
37422
327750
10505
37199
37195
37597
37105
37549
37546
37358
37611
7154
33579
6149
10247
37542
37441
6968
37235
37680
37016
37188
37673
14516
15022
37675
37670
37225
327808
36960
327761
37520
37523
37527
37314
37283
25793
327783
327782
327781
327785
11157
37497
37491
327804
327805
37145
