3741
37302
37438
7020
37412
37413
36943
33762
37007
33769
37368
36994
37028
36919
36897
36895
2905
37334
37333
16416
37353
17148
37259
19232
5713
36968
37157
22750
23058
18931
37160
37168
37363
37317
37316
10474
37628
37457
8094
12258
36910
36931
36937
37159
37150
37153
37357
11744
37180
28698
22355
36883
37402
14115
37394
16637
12091
37403
36983
36985
37055
37053
37271
29975
37078
37079
37074
37312
22572
36889
37293
22386
37239
37167
36916
26106
2018
36982
11845
36953
36951
37236
37238
6187
10798
36874
9129
37379
33790
36898
37179
37275
37276
37277
37439
36944
37130
327733
32653
37315
16800
21739
37399
29918
6083
10803
37172
3067
36877
37049
5734
37389
32437
37253
37254
37116
37266
25818
327693
37422
37105
37358
7154
6968
37235
37188
15022
37225
37314
11157
